2.0000 5.294800
3.0000 4.081200
4.0000 2.241600
5.0000 3.206600
6.0000 4.001800
7.0000 3.751800
8.0000 2.620400
9.0000 1.531400
10.0000 1.358800
11.0000 0.875400
12.0000 0.708800
13.0000 0.769000
14.0000 0.746000
15.0000 0.862000
16.0000 0.588600
17.0000 1.188400
18.0000 1.257600
19.0000 0.643200
20.0000 1.146400
21.0000 1.492400
22.0000 1.574600
23.0000 1.626600
24.0000 1.611000
25.0000 0.890600
26.0000 1.143600
27.0000 1.642200
28.0000 1.017600
29.0000 0.926200
30.0000 0.602000
31.0000 0.640000
32.0000 0.846400
33.0000 0.601800
34.0000 0.690400
35.0000 0.766000
36.0000 0.622800
37.0000 1.105800
38.0000 0.681200
39.0000 0.625000
40.0000 1.617400
41.0000 1.067800
42.0000 1.334800
43.0000 1.018200
44.0000 1.411000
45.0000 1.722800
46.0000 1.680600
47.0000 1.820400
48.0000 1.593400
49.0000 1.646200
50.0000 0.954000
51.0000 1.381400
52.0000 2.251200
53.0000 1.714600
54.0000 1.567200
55.0000 1.433400
56.0000 0.874600
57.0000 1.130800
58.0000 1.383400
59.0000 1.510600
60.0000 1.305000
61.0000 0.919200
62.0000 1.101400
63.0000 1.260200
64.0000 0.946000
65.0000 1.577600
66.0000 1.179000
67.0000 0.842400
68.0000 0.970400
69.0000 1.745200
70.0000 1.175000
71.0000 0.989000
72.0000 1.030000
73.0000 0.923000
74.0000 1.110600
75.0000 0.968800
76.0000 0.963000
77.0000 1.208200
78.0000 0.931200
79.0000 1.244800
80.0000 1.943400
81.0000 1.850000
82.0000 1.775000
83.0000 0.855400
84.0000 0.946600
85.0000 1.044800
86.0000 1.124600
87.0000 1.056200
88.0000 0.813600
89.0000 1.135000
90.0000 0.785200
91.0000 0.784000
92.0000 0.694600
93.0000 0.683400
94.0000 0.941000
95.0000 1.120400
96.0000 1.564400
97.0000 1.628800
98.0000 2.412400
99.0000 2.265800
100.0000 2.318200
101.0000 2.584600
102.0000 2.391800
103.0000 1.648200
104.0000 1.260400
105.0000 0.723600
106.0000 0.641600
107.0000 0.622800
108.0000 0.717400
109.0000 0.511200
110.0000 0.578400
111.0000 0.742200
112.0000 0.898000
113.0000 1.732400
114.0000 2.349200
115.0000 1.465200
116.0000 0.907400
117.0000 0.491800
118.0000 0.782400
119.0000 0.987800
120.0000 0.939000
121.0000 0.994400
122.0000 0.951400
123.0000 0.954000
124.0000 0.588800
125.0000 0.736800
126.0000 0.733200
127.0000 0.627200
128.0000 0.511400
129.0000 0.618600
130.0000 0.836800
131.0000 0.627200
132.0000 0.839600
133.0000 0.778200
134.0000 0.684600
135.0000 1.109000
136.0000 0.832200
137.0000 0.832800
138.0000 0.954800
139.0000 0.915600
140.0000 1.166400
141.0000 0.877200
142.0000 0.543400
143.0000 0.538800
144.0000 0.709600
145.0000 0.427000
146.0000 0.564800
147.0000 0.645800
148.0000 0.689600
149.0000 0.788200
150.0000 1.047400
151.0000 0.664600
152.0000 0.870800
153.0000 0.688000
154.0000 0.870200
155.0000 0.945600
156.0000 1.313400
157.0000 1.645200
158.0000 2.206000
159.0000 1.573800
160.0000 2.107800
161.0000 1.166400
162.0000 1.723800
163.0000 0.970400
164.0000 0.649400
165.0000 0.612400
166.0000 1.395400
167.0000 1.098200
168.0000 0.531200
169.0000 0.839400
170.0000 0.505200
171.0000 0.486400
172.0000 0.459200
173.0000 0.486000
174.0000 0.532800
175.0000 0.885800
176.0000 0.563200
177.0000 0.604800
178.0000 0.725200
179.0000 0.947000
180.0000 0.745600
181.0000 1.047200
182.0000 1.188400
183.0000 1.022400
184.0000 1.043800
185.0000 1.086800
186.0000 1.492400
187.0000 0.943600
188.0000 0.770800
189.0000 1.052200
190.0000 1.329800
191.0000 0.872200
192.0000 0.813000
193.0000 1.490800
194.0000 1.184400
195.0000 1.362200
196.0000 2.052400
197.0000 2.205400
198.0000 2.056800
199.0000 1.922600
200.0000 2.304000
201.0000 1.691000
202.0000 0.950400
203.0000 1.182600
204.0000 0.717400
205.0000 0.846800
206.0000 1.088400
207.0000 0.569600
208.0000 0.534400
209.0000 0.528800
210.0000 0.456600
211.0000 0.692200
212.0000 0.564600
213.0000 0.857600
214.0000 0.554600
215.0000 1.019200
216.0000 0.560600
217.0000 0.943000
218.0000 0.546400
219.0000 0.583800
220.0000 0.708800
221.0000 1.023200
222.0000 0.601800
223.0000 0.891400
224.0000 0.587000
225.0000 0.795200
226.0000 0.597200
227.0000 0.562800
228.0000 0.572800
229.0000 0.748600
230.0000 0.687800
231.0000 1.020200
232.0000 1.266200
233.0000 1.667200
234.0000 0.832000
235.0000 0.955600
236.0000 1.329000
237.0000 0.984800
238.0000 0.654800
239.0000 1.484600
240.0000 0.975600
241.0000 1.769800
242.0000 0.982000
243.0000 0.720800
244.0000 0.877800
245.0000 0.913800
246.0000 1.289200
247.0000 1.500800
248.0000 1.404800
249.0000 1.966800
250.0000 1.748800
251.0000 1.631400
252.0000 1.895800
253.0000 1.484600
254.0000 1.324600
255.0000 1.098400
256.0000 0.641200
257.0000 0.962200
258.0000 0.804200
259.0000 1.038600
260.0000 0.638400
261.0000 0.644600
262.0000 0.908000
263.0000 0.737000
264.0000 0.630400
265.0000 0.775000
266.0000 1.297000
267.0000 1.127600
268.0000 1.000200
269.0000 0.893200
270.0000 1.248600
271.0000 1.262200
272.0000 1.289400
273.0000 0.973600
274.0000 0.967800
275.0000 0.995400
276.0000 1.353600
277.0000 1.721800
278.0000 2.291000
279.0000 1.712000
280.0000 1.332000
281.0000 0.991800
282.0000 1.059400
283.0000 1.160800
284.0000 1.195600
285.0000 1.402400
286.0000 1.601000
287.0000 1.972800
288.0000 1.013200
289.0000 0.636400
290.0000 0.681000
291.0000 0.680400
292.0000 0.666600
293.0000 1.073200
294.0000 1.132600
295.0000 1.378200
296.0000 1.124200
297.0000 1.378200
298.0000 1.283200
299.0000 0.840600
300.0000 0.770600
301.0000 1.159400
302.0000 0.918200
303.0000 0.903000
304.0000 0.822600
305.0000 0.838800
306.0000 1.202400
307.0000 1.692800
308.0000 1.265200
309.0000 1.165400
310.0000 1.057200
311.0000 1.168800
312.0000 1.369800
313.0000 1.174000
314.0000 1.038400
315.0000 1.258800
316.0000 1.055600
317.0000 1.927000
318.0000 1.931000
319.0000 1.543200
320.0000 1.708400
321.0000 1.079800
322.0000 1.305800
323.0000 0.804800
324.0000 1.032000
325.0000 1.158000
326.0000 0.901800
327.0000 0.779000
328.0000 1.178400
329.0000 1.084400
330.0000 0.678600
331.0000 0.757600
332.0000 1.230600
333.0000 1.620600
334.0000 2.916800
335.0000 2.888400
336.0000 3.336600
337.0000 4.714200
338.0000 5.561400
339.0000 4.534000
340.0000 4.012400
341.0000 3.265800
342.0000 2.521800
343.0000 1.761400
344.0000 2.126000
345.0000 2.501200
346.0000 2.433000
347.0000 1.519600
348.0000 1.249200
349.0000 1.568600
350.0000 1.331200
351.0000 1.364000
352.0000 1.063200
353.0000 1.273400
354.0000 1.614600
355.0000 0.722600
356.0000 0.689200
357.0000 0.887000
358.0000 0.907000
359.0000 0.741600
360.0000 0.634600
361.0000 0.518800
362.0000 0.560800
363.0000 0.510600
364.0000 0.925400
365.0000 0.576800
366.0000 0.718600
367.0000 1.100800
368.0000 1.096600
369.0000 1.350200
370.0000 2.542200
371.0000 2.646200
372.0000 1.605800
373.0000 1.885000
374.0000 1.626200
375.0000 1.853800
376.0000 1.873400
377.0000 1.215200
378.0000 1.594400
379.0000 1.684400
380.0000 1.964000
381.0000 2.414200
382.0000 2.223000
383.0000 2.741600
384.0000 3.246600
385.0000 4.235000
386.0000 4.656000
387.0000 5.334800
388.0000 5.443000
389.0000 4.055800
390.0000 3.644000
391.0000 2.187400
392.0000 1.423400
393.0000 1.368800
394.0000 1.139800
395.0000 1.015400
396.0000 1.413200
397.0000 1.221800
398.0000 2.095400
399.0000 2.790400
400.0000 3.514800
401.0000 4.782600
402.0000 5.323800
403.0000 5.642200
404.0000 6.481400
405.0000 6.153200
406.0000 5.876600
407.0000 5.728600
408.0000 6.229800
409.0000 4.915000
410.0000 4.740400
411.0000 3.073400
412.0000 2.887600
413.0000 2.001600
414.0000 0.812400
415.0000 1.185200
416.0000 0.631000
417.0000 0.595200
418.0000 0.625000
419.0000 0.738000
420.0000 0.962800
421.0000 0.666000
422.0000 0.888000
423.0000 0.579600
424.0000 0.534800
425.0000 0.691600
426.0000 0.913600
427.0000 0.822800
428.0000 0.768800
429.0000 0.707000
430.0000 1.013800
431.0000 1.947600
432.0000 2.402200
433.0000 3.714400
434.0000 5.199200
