2.0000 6.274200
3.0000 4.520200
4.0000 2.391400
5.0000 3.100600
6.0000 3.870400
7.0000 3.911800
8.0000 2.547000
9.0000 1.722600
10.0000 1.549200
11.0000 1.015200
12.0000 0.715200
13.0000 0.788600
14.0000 0.740600
15.0000 0.842600
16.0000 0.587600
17.0000 1.198600
18.0000 1.263800
19.0000 0.650200
20.0000 1.168000
21.0000 1.517400
22.0000 1.533000
23.0000 1.562600
24.0000 1.531600
25.0000 0.894000
26.0000 1.166000
27.0000 1.623800
28.0000 1.035000
29.0000 0.980600
30.0000 0.627000
31.0000 0.671400
32.0000 0.849800
33.0000 0.654800
34.0000 0.691200
35.0000 0.787800
36.0000 0.720800
37.0000 1.102200
38.0000 0.921000
39.0000 0.726200
40.0000 1.856800
41.0000 1.239400
42.0000 1.489400
43.0000 1.288200
44.0000 1.728200
45.0000 2.289600
46.0000 1.983600
47.0000 2.089800
48.0000 1.796600
49.0000 1.650600
50.0000 0.999800
51.0000 1.103800
52.0000 1.867400
53.0000 1.528800
54.0000 1.599000
55.0000 1.389400
56.0000 0.888400
57.0000 1.160000
58.0000 1.418800
59.0000 1.567800
60.0000 1.347200
61.0000 0.985600
62.0000 1.178800
63.0000 1.312600
64.0000 1.090800
65.0000 1.739600
66.0000 1.288400
67.0000 0.970600
68.0000 1.239000
69.0000 1.975400
70.0000 1.459800
71.0000 1.167000
72.0000 1.267600
73.0000 1.279800
74.0000 1.436800
75.0000 1.241800
76.0000 1.455800
77.0000 1.166400
78.0000 0.882400
79.0000 1.318800
80.0000 1.616200
81.0000 1.417000
82.0000 1.203400
83.0000 0.757400
84.0000 0.830000
85.0000 1.028400
86.0000 1.102200
87.0000 1.037400
88.0000 0.802000
89.0000 1.077800
90.0000 0.789400
91.0000 0.779600
92.0000 0.691800
93.0000 0.674600
94.0000 0.965200
95.0000 1.096800
96.0000 1.586600
97.0000 1.963000
98.0000 2.553800
99.0000 2.415000
100.0000 2.625000
101.0000 2.941000
102.0000 2.625600
103.0000 1.917800
104.0000 1.453800
105.0000 0.859600
106.0000 0.665600
107.0000 0.620200
108.0000 0.733400
109.0000 0.573000
110.0000 0.586000
111.0000 0.775800
112.0000 1.015200
113.0000 1.944800
114.0000 2.931000
115.0000 1.531200
116.0000 0.940800
117.0000 0.519400
118.0000 0.796600
119.0000 0.977800
120.0000 0.952800
121.0000 1.019600
122.0000 0.967000
123.0000 1.030800
124.0000 0.631600
125.0000 0.827200
126.0000 0.749200
127.0000 0.691600
128.0000 0.541400
129.0000 0.608600
130.0000 0.865400
131.0000 0.629800
132.0000 0.837000
133.0000 0.729800
134.0000 0.652800
135.0000 1.050400
136.0000 0.742000
137.0000 0.800200
138.0000 0.860200
139.0000 0.845600
140.0000 1.114800
141.0000 0.689000
142.0000 0.524400
143.0000 0.544600
144.0000 0.778400
145.0000 0.463600
146.0000 0.694600
147.0000 0.657000
148.0000 0.696400
149.0000 0.804600
150.0000 1.060400
151.0000 0.687600
152.0000 0.873200
153.0000 0.699000
154.0000 0.823200
155.0000 0.971200
156.0000 1.192400
157.0000 1.542000
158.0000 1.737400
159.0000 1.681600
160.0000 1.863000
161.0000 1.079800
162.0000 1.691600
163.0000 0.935800
164.0000 0.684400
165.0000 0.669600
166.0000 1.637000
167.0000 1.196600
168.0000 0.587200
169.0000 0.944800
170.0000 0.529200
171.0000 0.501600
172.0000 0.479600
173.0000 0.565800
174.0000 0.590600
175.0000 0.844200
176.0000 0.606600
177.0000 0.645800
178.0000 0.828000
179.0000 1.025400
180.0000 0.830000
181.0000 1.199000
182.0000 1.424400
183.0000 1.169000
184.0000 1.310600
185.0000 1.254200
186.0000 1.791600
187.0000 1.070200
188.0000 0.824800
189.0000 1.022600
190.0000 1.399000
191.0000 0.951600
192.0000 0.835400
193.0000 1.534400
194.0000 1.296400
195.0000 1.532800
196.0000 2.174600
197.0000 2.120000
198.0000 1.952200
199.0000 2.158200
200.0000 2.456600
201.0000 1.630600
202.0000 0.941000
203.0000 1.147400
204.0000 0.777400
205.0000 0.899000
206.0000 1.150000
207.0000 0.628600
208.0000 0.581600
209.0000 0.569200
210.0000 0.482400
211.0000 0.708000
212.0000 0.527000
213.0000 0.756600
214.0000 0.530600
215.0000 0.897400
216.0000 0.565000
217.0000 0.859000
218.0000 0.524000
219.0000 0.544000
220.0000 0.697600
221.0000 0.999000
222.0000 0.592600
223.0000 0.765400
224.0000 0.572200
225.0000 0.803800
226.0000 0.728400
227.0000 0.581000
228.0000 0.575800
229.0000 0.669000
230.0000 0.665200
231.0000 0.985000
232.0000 1.285600
233.0000 1.771000
234.0000 0.860600
235.0000 1.027800
236.0000 1.371000
237.0000 1.161800
238.0000 0.708600
239.0000 1.508400
240.0000 1.013600
241.0000 1.764000
242.0000 1.080400
243.0000 0.841400
244.0000 0.949200
245.0000 1.101800
246.0000 1.717800
247.0000 2.270600
248.0000 1.633200
249.0000 2.281800
250.0000 1.937600
251.0000 1.786400
252.0000 1.798400
253.0000 1.447200
254.0000 1.271400
255.0000 1.135400
256.0000 0.654600
257.0000 0.971200
258.0000 0.874200
259.0000 1.090600
260.0000 0.693600
261.0000 0.690600
262.0000 1.182600
263.0000 0.887600
264.0000 0.657800
265.0000 0.708200
266.0000 1.187200
267.0000 1.123800
268.0000 1.041000
269.0000 0.883400
270.0000 1.180000
271.0000 1.239200
272.0000 1.202200
273.0000 0.877200
274.0000 0.641600
275.0000 0.830400
276.0000 1.217400
277.0000 1.591000
278.0000 2.036200
279.0000 1.581200
280.0000 1.233200
281.0000 0.986200
282.0000 1.059000
283.0000 0.912400
284.0000 0.891800
285.0000 1.094200
286.0000 1.444200
287.0000 1.809600
288.0000 1.011200
289.0000 0.597400
290.0000 0.666800
291.0000 0.679600
292.0000 0.672800
293.0000 1.101400
294.0000 1.212800
295.0000 1.462800
296.0000 1.224600
297.0000 1.463400
298.0000 1.358600
299.0000 0.931600
300.0000 0.831800
301.0000 1.283800
302.0000 0.917600
303.0000 1.194800
304.0000 0.861800
305.0000 0.836200
306.0000 1.345200
307.0000 1.859800
308.0000 1.376800
309.0000 1.407200
310.0000 1.149400
311.0000 1.228800
312.0000 1.691200
313.0000 1.407000
314.0000 1.207600
315.0000 1.310600
316.0000 1.188400
317.0000 1.875800
318.0000 1.955200
319.0000 1.653600
320.0000 1.775600
321.0000 1.141600
322.0000 1.409800
323.0000 0.958800
324.0000 1.215400
325.0000 1.357800
326.0000 0.994200
327.0000 0.894400
328.0000 1.350200
329.0000 1.324800
330.0000 0.803200
331.0000 0.881000
332.0000 1.504000
333.0000 2.348800
334.0000 3.425600
335.0000 3.249000
336.0000 3.847200
337.0000 5.466800
338.0000 5.532400
339.0000 4.817400
340.0000 4.404200
341.0000 3.903000
342.0000 3.103800
343.0000 2.742600
344.0000 2.395200
345.0000 2.841800
346.0000 2.841200
347.0000 1.760400
348.0000 1.613200
349.0000 1.726600
350.0000 1.346400
351.0000 1.329400
352.0000 1.098600
353.0000 1.325400
354.0000 1.565200
355.0000 0.721400
356.0000 0.763600
357.0000 0.943800
358.0000 0.934000
359.0000 0.752400
360.0000 0.653600
361.0000 0.535200
362.0000 0.578400
363.0000 0.523200
364.0000 0.950800
365.0000 0.606000
366.0000 0.692200
367.0000 0.766200
368.0000 1.075000
369.0000 1.211200
370.0000 2.219200
371.0000 2.656600
372.0000 1.496200
373.0000 1.480800
374.0000 1.162000
375.0000 1.525600
376.0000 0.893600
377.0000 0.839600
378.0000 1.222200
379.0000 1.344600
380.0000 1.600200
381.0000 2.136400
382.0000 2.259600
383.0000 2.802400
384.0000 3.799000
385.0000 4.496800
386.0000 4.246200
387.0000 4.428800
388.0000 4.321800
389.0000 3.407800
390.0000 2.834000
391.0000 1.227800
392.0000 1.054800
393.0000 1.261600
394.0000 0.931400
395.0000 0.942800
396.0000 1.436400
397.0000 1.368200
398.0000 3.318200
399.0000 4.769200
400.0000 5.774400
401.0000 6.943400
402.0000 7.174600
403.0000 7.352800
404.0000 7.307600
405.0000 6.903400
406.0000 7.366800
407.0000 6.917200
408.0000 7.109800
409.0000 5.650400
410.0000 5.822800
411.0000 3.482200
412.0000 2.937400
413.0000 2.092800
414.0000 0.843800
415.0000 1.202000
416.0000 0.617200
417.0000 0.595200
418.0000 0.661400
419.0000 0.717600
420.0000 0.945600
421.0000 0.688600
422.0000 1.004600
423.0000 0.589800
424.0000 0.549200
425.0000 0.712000
426.0000 0.991600
427.0000 0.983000
428.0000 1.154600
429.0000 1.159400
430.0000 1.363400
431.0000 1.970800
432.0000 2.174600
433.0000 3.455000
434.0000 4.836200
