2.0000 5.432200
3.0000 3.530800
4.0000 2.124200
5.0000 3.053400
6.0000 4.232200
7.0000 3.450200
8.0000 2.432200
9.0000 1.450000
10.0000 1.359400
11.0000 1.023800
12.0000 0.821600
13.0000 0.811600
14.0000 0.751600
15.0000 0.861200
16.0000 0.602000
17.0000 1.201400
18.0000 1.287200
19.0000 0.659200
20.0000 1.165200
21.0000 1.497000
22.0000 1.579600
23.0000 1.595600
24.0000 1.565200
25.0000 0.888000
26.0000 1.157200
27.0000 1.627800
28.0000 1.036200
29.0000 0.970000
30.0000 0.608200
31.0000 0.647800
32.0000 0.870400
33.0000 0.588600
34.0000 0.719400
35.0000 0.780800
36.0000 0.669800
37.0000 1.134800
38.0000 0.901400
39.0000 0.665600
40.0000 1.745200
41.0000 1.125400
42.0000 1.316200
43.0000 1.045600
44.0000 1.402600
45.0000 1.924400
46.0000 1.869000
47.0000 1.940200
48.0000 1.666000
49.0000 1.620600
50.0000 0.911800
51.0000 1.142800
52.0000 1.913000
53.0000 1.487000
54.0000 1.517800
55.0000 1.395600
56.0000 0.852800
57.0000 1.092800
58.0000 1.364400
59.0000 1.505000
60.0000 1.303800
61.0000 0.912400
62.0000 1.159800
63.0000 1.292600
64.0000 1.008000
65.0000 1.594400
66.0000 1.171200
67.0000 0.835000
68.0000 0.981200
69.0000 1.656400
70.0000 1.252400
71.0000 0.931400
72.0000 1.095000
73.0000 0.990200
74.0000 1.130600
75.0000 1.077200
76.0000 1.153600
77.0000 1.428000
78.0000 1.743600
79.0000 1.712400
80.0000 2.017800
81.0000 1.781400
82.0000 1.607400
83.0000 0.769400
84.0000 0.892000
85.0000 1.021400
86.0000 1.095200
87.0000 1.042600
88.0000 0.809200
89.0000 1.129000
90.0000 0.783600
91.0000 0.766000
92.0000 0.646600
93.0000 0.677200
94.0000 0.944000
95.0000 1.152800
96.0000 1.441800
97.0000 1.727600
98.0000 2.681200
99.0000 2.987800
100.0000 2.987600
101.0000 3.273600
102.0000 2.731600
103.0000 2.001000
104.0000 1.383600
105.0000 0.747200
106.0000 0.640600
107.0000 0.619200
108.0000 0.775000
109.0000 0.510000
110.0000 0.581400
111.0000 0.741800
112.0000 0.880800
113.0000 1.698200
114.0000 2.246600
115.0000 1.541400
116.0000 0.926000
117.0000 0.498800
118.0000 0.793600
119.0000 1.034800
120.0000 0.963600
121.0000 1.071600
122.0000 0.982600
123.0000 1.130600
124.0000 0.743800
125.0000 0.848400
126.0000 0.767200
127.0000 0.593200
128.0000 0.512600
129.0000 0.592000
130.0000 0.848800
131.0000 0.619400
132.0000 0.817000
133.0000 0.694400
134.0000 0.611000
135.0000 1.044800
136.0000 0.800200
137.0000 0.786800
138.0000 0.866400
139.0000 0.858000
140.0000 1.154600
141.0000 0.930000
142.0000 0.556400
143.0000 0.543800
144.0000 0.748800
145.0000 0.458000
146.0000 0.642000
147.0000 0.697000
148.0000 0.696200
149.0000 0.798000
150.0000 1.047400
151.0000 0.653800
152.0000 0.861200
153.0000 0.651800
154.0000 0.784400
155.0000 0.926200
156.0000 1.185400
157.0000 1.418000
158.0000 1.475400
159.0000 1.534800
160.0000 1.668200
161.0000 1.148800
162.0000 1.510000
163.0000 0.889400
164.0000 0.608000
165.0000 0.602600
166.0000 1.393000
167.0000 1.014000
168.0000 0.533000
169.0000 0.853200
170.0000 0.508200
171.0000 0.491200
172.0000 0.459000
173.0000 0.496800
174.0000 0.549800
175.0000 0.800000
176.0000 0.578200
177.0000 0.609600
178.0000 0.734600
179.0000 0.941200
180.0000 0.776600
181.0000 1.074200
182.0000 1.197800
183.0000 1.015000
184.0000 1.001600
185.0000 1.061600
186.0000 1.442800
187.0000 0.916600
188.0000 0.759400
189.0000 1.011400
190.0000 1.354600
191.0000 0.945000
192.0000 0.865600
193.0000 1.579800
194.0000 1.267800
195.0000 1.601800
196.0000 2.207000
197.0000 2.404800
198.0000 2.426600
199.0000 2.355800
200.0000 2.418000
201.0000 1.570200
202.0000 0.959600
203.0000 1.237800
204.0000 0.741000
205.0000 0.853200
206.0000 1.082800
207.0000 0.574600
208.0000 0.541200
209.0000 0.531400
210.0000 0.460400
211.0000 0.722200
212.0000 0.529000
213.0000 1.071200
214.0000 0.584200
215.0000 1.083800
216.0000 0.550600
217.0000 1.014000
218.0000 0.551800
219.0000 0.555600
220.0000 0.707600
221.0000 0.891200
222.0000 0.643800
223.0000 0.824400
224.0000 0.609200
225.0000 0.775200
226.0000 0.744000
227.0000 0.589600
228.0000 0.578600
229.0000 0.729800
230.0000 0.665800
231.0000 1.010000
232.0000 1.238200
233.0000 1.674800
234.0000 0.818600
235.0000 0.915000
236.0000 1.316200
237.0000 0.917600
238.0000 0.657800
239.0000 1.492800
240.0000 0.979400
241.0000 1.844200
242.0000 1.013600
243.0000 0.753800
244.0000 0.893000
245.0000 0.928800
246.0000 1.355800
247.0000 1.990600
248.0000 1.537800
249.0000 2.186200
250.0000 1.997000
251.0000 1.704400
252.0000 1.967800
253.0000 1.514200
254.0000 1.331400
255.0000 1.141000
256.0000 0.660400
257.0000 0.970400
258.0000 0.813600
259.0000 1.073000
260.0000 0.702600
261.0000 0.653800
262.0000 1.076000
263.0000 0.865200
264.0000 1.009200
265.0000 1.059200
266.0000 1.720400
267.0000 1.661000
268.0000 1.320200
269.0000 1.215000
270.0000 1.696400
271.0000 1.553400
272.0000 1.207200
273.0000 0.871800
274.0000 0.609000
275.0000 0.751400
276.0000 1.063800
277.0000 1.494600
278.0000 2.121600
279.0000 1.586600
280.0000 1.206600
281.0000 0.940200
282.0000 0.989200
283.0000 0.892400
284.0000 0.734400
285.0000 0.990400
286.0000 1.390800
287.0000 1.805600
288.0000 1.037600
289.0000 0.579000
290.0000 0.693200
291.0000 0.707800
292.0000 0.676600
293.0000 1.082800
294.0000 1.259200
295.0000 1.527400
296.0000 1.323600
297.0000 1.379000
298.0000 1.196000
299.0000 0.931400
300.0000 0.948400
301.0000 1.340800
302.0000 0.924800
303.0000 1.460800
304.0000 0.937000
305.0000 0.790200
306.0000 1.190400
307.0000 1.701800
308.0000 1.291600
309.0000 1.324000
310.0000 1.177200
311.0000 1.241000
312.0000 1.539800
313.0000 1.375000
314.0000 1.097600
315.0000 1.306800
316.0000 1.313400
317.0000 2.188000
318.0000 2.293200
319.0000 1.968200
320.0000 2.093200
321.0000 1.640000
322.0000 1.713400
323.0000 0.978800
324.0000 1.259800
325.0000 1.299800
326.0000 0.946800
327.0000 0.915800
328.0000 1.269600
329.0000 1.192200
330.0000 0.816200
331.0000 0.772800
332.0000 1.266600
333.0000 1.278200
334.0000 2.447200
335.0000 2.210200
336.0000 2.516000
337.0000 3.316200
338.0000 4.392800
339.0000 3.733800
340.0000 3.320600
341.0000 3.105800
342.0000 2.770200
343.0000 2.244200
344.0000 2.276000
345.0000 2.700600
346.0000 2.641200
347.0000 1.814000
348.0000 1.558800
349.0000 1.870200
350.0000 1.457600
351.0000 1.380200
352.0000 1.349800
353.0000 1.412400
354.0000 1.617000
355.0000 0.818400
356.0000 0.881200
357.0000 1.040400
358.0000 1.046200
359.0000 0.829200
360.0000 0.686600
361.0000 0.523200
362.0000 0.568400
363.0000 0.521000
364.0000 0.949800
365.0000 0.563200
366.0000 0.704600
367.0000 1.034200
368.0000 1.087000
369.0000 1.197400
370.0000 2.308800
371.0000 2.229600
372.0000 1.703000
373.0000 1.976600
374.0000 1.285000
375.0000 1.700800
376.0000 1.483000
377.0000 1.222000
378.0000 1.706000
379.0000 1.720800
380.0000 1.934600
381.0000 2.384600
382.0000 2.350200
383.0000 2.864200
384.0000 3.416800
385.0000 3.606800
386.0000 3.788600
387.0000 4.326200
388.0000 4.569600
389.0000 3.797000
390.0000 3.685000
391.0000 2.330400
392.0000 1.812000
393.0000 1.585200
394.0000 1.524200
395.0000 1.189000
396.0000 1.483400
397.0000 1.195600
398.0000 2.304800
399.0000 3.433000
400.0000 4.588600
401.0000 5.729400
402.0000 6.045600
403.0000 6.380000
404.0000 6.431600
405.0000 6.015000
406.0000 6.581200
407.0000 6.088800
408.0000 5.823000
409.0000 4.672400
410.0000 5.096400
411.0000 2.979800
412.0000 2.587600
413.0000 1.962400
414.0000 0.805200
415.0000 1.168000
416.0000 0.598600
417.0000 0.573800
418.0000 0.611000
419.0000 0.710400
420.0000 0.974400
421.0000 0.676400
422.0000 0.888400
423.0000 0.619400
424.0000 0.565200
425.0000 0.728000
426.0000 0.989000
427.0000 0.833000
428.0000 0.819600
429.0000 0.700800
430.0000 1.011000
431.0000 1.849800
432.0000 2.461600
433.0000 3.601000
434.0000 5.002400
