2.0000 5.065200
3.0000 3.476400
4.0000 2.040400
5.0000 3.006000
6.0000 3.700400
7.0000 3.861000
8.0000 2.364400
9.0000 1.582600
10.0000 1.350600
11.0000 0.793400
12.0000 0.738400
13.0000 0.803400
14.0000 0.751200
15.0000 0.860000
16.0000 0.609600
17.0000 1.247600
18.0000 1.263000
19.0000 0.681200
20.0000 1.240800
21.0000 1.731200
22.0000 1.787200
23.0000 1.848400
24.0000 1.854600
25.0000 0.949200
26.0000 1.166200
27.0000 1.629600
28.0000 1.032600
29.0000 0.968800
30.0000 0.602400
31.0000 0.623000
32.0000 0.824400
33.0000 0.574800
34.0000 0.682200
35.0000 0.770800
36.0000 0.651400
37.0000 1.073200
38.0000 0.750400
39.0000 0.679600
40.0000 1.867400
41.0000 1.079600
42.0000 1.273600
43.0000 1.016800
44.0000 1.391800
45.0000 1.914400
46.0000 1.814200
47.0000 2.121800
48.0000 1.753400
49.0000 1.664800
50.0000 0.835000
51.0000 0.991000
52.0000 1.857200
53.0000 1.442000
54.0000 1.513200
55.0000 1.332200
56.0000 0.816800
57.0000 1.037200
58.0000 1.286400
59.0000 1.385000
60.0000 1.141000
61.0000 0.826600
62.0000 1.012400
63.0000 1.165800
64.0000 0.873400
65.0000 1.555800
66.0000 1.061000
67.0000 0.766400
68.0000 0.927600
69.0000 1.633200
70.0000 1.159800
71.0000 0.843400
72.0000 1.019600
73.0000 1.001200
74.0000 1.218600
75.0000 1.068400
76.0000 1.224600
77.0000 1.212800
78.0000 0.859000
79.0000 1.604000
80.0000 1.834800
81.0000 1.415600
82.0000 1.248400
83.0000 0.780400
84.0000 0.888600
85.0000 1.049000
86.0000 1.117200
87.0000 1.075800
88.0000 0.830200
89.0000 1.091400
90.0000 0.814000
91.0000 0.785000
92.0000 0.695200
93.0000 0.663400
94.0000 0.949800
95.0000 1.095200
96.0000 1.483400
97.0000 1.825200
98.0000 2.575800
99.0000 2.819000
100.0000 2.933800
101.0000 3.447000
102.0000 3.032600
103.0000 2.502200
104.0000 1.422600
105.0000 0.765400
106.0000 0.633600
107.0000 0.597200
108.0000 0.730800
109.0000 0.493800
110.0000 0.586800
111.0000 0.713000
112.0000 0.961000
113.0000 1.764400
114.0000 2.179400
115.0000 1.487000
116.0000 0.900800
117.0000 0.486000
118.0000 0.800000
119.0000 0.975000
120.0000 0.952200
121.0000 1.056200
122.0000 1.042200
123.0000 1.044200
124.0000 0.639200
125.0000 0.885600
126.0000 0.781800
127.0000 0.601800
128.0000 0.552800
129.0000 0.608000
130.0000 0.850200
131.0000 0.646600
132.0000 0.850200
133.0000 0.751600
134.0000 0.685200
135.0000 1.093800
136.0000 0.864800
137.0000 0.877400
138.0000 0.950600
139.0000 0.885800
140.0000 1.025400
141.0000 0.878200
142.0000 0.531800
143.0000 0.537800
144.0000 0.719400
145.0000 0.446400
146.0000 0.745000
147.0000 0.705800
148.0000 0.671400
149.0000 0.775600
150.0000 1.019000
151.0000 0.647600
152.0000 0.815000
153.0000 0.619800
154.0000 0.719600
155.0000 0.890000
156.0000 1.119000
157.0000 1.440400
158.0000 1.226800
159.0000 1.488400
160.0000 1.494600
161.0000 0.865600
162.0000 1.383800
163.0000 0.791800
164.0000 0.578600
165.0000 0.595200
166.0000 1.328400
167.0000 1.019800
168.0000 0.508200
169.0000 0.870600
170.0000 0.501400
171.0000 0.487800
172.0000 0.476800
173.0000 0.497800
174.0000 0.547600
175.0000 0.864000
176.0000 0.597200
177.0000 0.634400
178.0000 0.807400
179.0000 0.988600
180.0000 0.798800
181.0000 1.026000
182.0000 1.135800
183.0000 0.949600
184.0000 0.984000
185.0000 0.970200
186.0000 1.427800
187.0000 0.863400
188.0000 0.739800
189.0000 1.001200
190.0000 1.249200
191.0000 0.867400
192.0000 0.822400
193.0000 1.498000
194.0000 1.209600
195.0000 1.438000
196.0000 2.202600
197.0000 2.436200
198.0000 2.085800
199.0000 2.183400
200.0000 2.448200
201.0000 1.612400
202.0000 0.929200
203.0000 1.257800
204.0000 0.760600
205.0000 0.873800
206.0000 1.092800
207.0000 0.595200
208.0000 0.572400
209.0000 0.551600
210.0000 0.472600
211.0000 0.698400
212.0000 0.491200
213.0000 0.825400
214.0000 0.593600
215.0000 0.985800
216.0000 0.565200
217.0000 0.871800
218.0000 0.544000
219.0000 0.663200
220.0000 0.760800
221.0000 1.119800
222.0000 0.645000
223.0000 0.789000
224.0000 0.583600
225.0000 0.780000
226.0000 0.596200
227.0000 0.571400
228.0000 0.556000
229.0000 0.675000
230.0000 0.629000
231.0000 0.973000
232.0000 1.267000
233.0000 1.675200
234.0000 0.908400
235.0000 1.256200
236.0000 1.350000
237.0000 1.067200
238.0000 0.685000
239.0000 1.493000
240.0000 1.025200
241.0000 1.810800
242.0000 1.027000
243.0000 0.827000
244.0000 0.862800
245.0000 0.938400
246.0000 1.432200
247.0000 1.675800
248.0000 1.350000
249.0000 1.992600
250.0000 2.016600
251.0000 1.707000
252.0000 2.644600
253.0000 1.558400
254.0000 1.451600
255.0000 1.145400
256.0000 0.644600
257.0000 0.913200
258.0000 0.856400
259.0000 1.117000
260.0000 0.693800
261.0000 0.676400
262.0000 1.053600
263.0000 0.926800
264.0000 0.729800
265.0000 0.820400
266.0000 1.333400
267.0000 1.560000
268.0000 1.089800
269.0000 0.941400
270.0000 1.214000
271.0000 1.269600
272.0000 1.223000
273.0000 0.978400
274.0000 0.666400
275.0000 0.769200
276.0000 1.062800
277.0000 1.514600
278.0000 2.148200
279.0000 1.565800
280.0000 1.216800
281.0000 0.990600
282.0000 1.018200
283.0000 1.038600
284.0000 0.844600
285.0000 1.107200
286.0000 1.606800
287.0000 1.745200
288.0000 1.095600
289.0000 0.636400
290.0000 0.692600
291.0000 0.656600
292.0000 0.715400
293.0000 1.072800
294.0000 0.997000
295.0000 1.393400
296.0000 1.256000
297.0000 1.321000
298.0000 1.145200
299.0000 0.854400
300.0000 0.877400
301.0000 1.145200
302.0000 0.794600
303.0000 1.165200
304.0000 0.850400
305.0000 0.851200
306.0000 1.318200
307.0000 1.687600
308.0000 1.284400
309.0000 1.206600
310.0000 1.092800
311.0000 1.205000
312.0000 1.480400
313.0000 1.222800
314.0000 1.103000
315.0000 1.327800
316.0000 1.215800
317.0000 2.043800
318.0000 2.125200
319.0000 1.881200
320.0000 2.107000
321.0000 1.238600
322.0000 1.653000
323.0000 1.090800
324.0000 1.243000
325.0000 1.288200
326.0000 0.991800
327.0000 0.794400
328.0000 1.423600
329.0000 1.238600
330.0000 0.848200
331.0000 0.924600
332.0000 1.506400
333.0000 2.238000
334.0000 3.749200
335.0000 3.590800
336.0000 3.872600
337.0000 5.954400
338.0000 7.499400
339.0000 5.724800
340.0000 4.875200
341.0000 3.528600
342.0000 2.759800
343.0000 2.408000
344.0000 2.259600
345.0000 2.319400
346.0000 2.424000
347.0000 1.549000
348.0000 1.386800
349.0000 1.705000
350.0000 1.368800
351.0000 1.396000
352.0000 1.188400
353.0000 1.418000
354.0000 1.575600
355.0000 0.773600
356.0000 0.721800
357.0000 0.901800
358.0000 0.826200
359.0000 0.732800
360.0000 0.650000
361.0000 0.516000
362.0000 0.554600
363.0000 0.514800
364.0000 0.932600
365.0000 0.601600
366.0000 0.685000
367.0000 0.912000
368.0000 1.185600
369.0000 1.493200
370.0000 2.191800
371.0000 2.729200
372.0000 1.765200
373.0000 1.696200
374.0000 1.840400
375.0000 2.229600
376.0000 2.226000
377.0000 1.781600
378.0000 1.966200
379.0000 1.967200
380.0000 2.096000
381.0000 3.568600
382.0000 3.546600
383.0000 3.884600
384.0000 4.770600
385.0000 5.548800
386.0000 5.079400
387.0000 5.301000
388.0000 4.957000
389.0000 4.215800
390.0000 4.047400
391.0000 2.326600
392.0000 1.788600
393.0000 1.606000
394.0000 1.450200
395.0000 1.114800
396.0000 1.494400
397.0000 1.413400
398.0000 3.188400
399.0000 4.372600
400.0000 6.092000
401.0000 7.012000
402.0000 7.028800
403.0000 6.356600
404.0000 6.477600
405.0000 6.004000
406.0000 5.572200
407.0000 4.909200
408.0000 5.957000
409.0000 4.987400
410.0000 4.156600
411.0000 2.764200
412.0000 2.526400
413.0000 2.039000
414.0000 0.890200
415.0000 1.238600
416.0000 0.646200
417.0000 0.605800
418.0000 0.671400
419.0000 0.728400
420.0000 0.991800
421.0000 0.687000
422.0000 0.987200
423.0000 0.589800
424.0000 0.583800
425.0000 0.752800
426.0000 1.033400
427.0000 0.918400
428.0000 1.032400
429.0000 1.366400
430.0000 1.644600
431.0000 2.986800
432.0000 3.690200
433.0000 5.323200
434.0000 7.166200
