2.0000 5.012800
3.0000 3.880600
4.0000 2.160400
5.0000 2.783200
6.0000 3.960000
7.0000 3.462200
8.0000 2.426200
9.0000 1.049800
10.0000 1.193400
11.0000 0.708600
12.0000 0.659200
13.0000 0.736400
14.0000 0.738000
15.0000 0.831800
16.0000 0.561800
17.0000 1.197800
18.0000 1.228400
19.0000 0.621000
20.0000 1.149000
21.0000 1.490600
22.0000 1.542200
23.0000 1.543600
24.0000 1.480800
25.0000 0.881400
26.0000 1.129800
27.0000 1.617000
28.0000 0.977200
29.0000 0.909600
30.0000 0.559200
31.0000 0.584800
32.0000 0.854600
33.0000 0.552400
34.0000 0.677400
35.0000 0.765000
36.0000 0.654200
37.0000 1.075200
38.0000 0.686800
39.0000 0.627800
40.0000 1.161200
41.0000 1.116800
42.0000 1.249600
43.0000 1.049400
44.0000 1.422800
45.0000 1.947600
46.0000 2.157400
47.0000 2.093200
48.0000 1.685600
49.0000 1.498400
50.0000 0.889200
51.0000 1.114600
52.0000 2.001600
53.0000 1.722600
54.0000 1.820600
55.0000 1.389400
56.0000 0.815400
57.0000 1.098000
58.0000 1.346800
59.0000 1.490800
60.0000 1.205200
61.0000 0.891400
62.0000 1.087600
63.0000 1.207400
64.0000 0.901600
65.0000 1.617400
66.0000 1.127200
67.0000 0.827400
68.0000 0.979400
69.0000 1.638400
70.0000 1.125600
71.0000 0.924800
72.0000 1.114200
73.0000 1.015600
74.0000 1.067000
75.0000 0.891000
76.0000 0.936000
77.0000 1.016800
78.0000 0.864800
79.0000 1.550800
80.0000 1.910400
81.0000 1.495400
82.0000 1.273800
83.0000 0.744200
84.0000 0.870200
85.0000 0.926000
86.0000 1.033600
87.0000 0.991200
88.0000 0.742600
89.0000 1.095800
90.0000 0.782800
91.0000 0.794400
92.0000 0.682800
93.0000 0.682600
94.0000 0.970600
95.0000 1.243000
96.0000 1.706800
97.0000 1.861600
98.0000 2.882600
99.0000 2.738600
100.0000 2.886800
101.0000 3.294600
102.0000 3.272600
103.0000 2.444400
104.0000 1.498800
105.0000 0.761400
106.0000 0.637200
107.0000 0.589800
108.0000 0.791000
109.0000 0.491000
110.0000 0.563200
111.0000 0.650800
112.0000 0.844600
113.0000 1.681600
114.0000 2.009000
115.0000 1.452800
116.0000 0.837000
117.0000 0.473400
118.0000 0.759200
119.0000 0.935400
120.0000 0.909800
121.0000 0.997400
122.0000 0.854400
123.0000 0.946800
124.0000 0.577200
125.0000 0.824800
126.0000 0.752200
127.0000 0.627800
128.0000 0.509800
129.0000 0.589000
130.0000 0.853200
131.0000 0.624800
132.0000 0.822800
133.0000 0.746800
134.0000 0.664800
135.0000 1.086000
136.0000 0.805800
137.0000 0.836200
138.0000 0.932400
139.0000 0.868400
140.0000 1.126400
141.0000 0.700000
142.0000 0.541800
143.0000 0.538200
144.0000 0.711800
145.0000 0.434200
146.0000 0.561800
147.0000 0.646400
148.0000 0.668200
149.0000 0.758200
150.0000 0.924200
151.0000 0.619600
152.0000 0.789000
153.0000 0.594800
154.0000 0.668200
155.0000 0.832800
156.0000 1.046200
157.0000 1.319600
158.0000 1.193000
159.0000 1.413000
160.0000 1.426600
161.0000 1.303000
162.0000 1.633000
163.0000 0.848200
164.0000 0.590600
165.0000 0.579200
166.0000 1.135400
167.0000 0.956600
168.0000 0.516600
169.0000 0.904200
170.0000 0.498800
171.0000 0.481800
172.0000 0.447000
173.0000 0.489400
174.0000 0.526800
175.0000 0.829400
176.0000 0.546400
177.0000 0.594400
178.0000 0.764600
179.0000 0.972800
180.0000 0.778400
181.0000 1.054200
182.0000 1.164000
183.0000 0.958000
184.0000 1.277000
185.0000 1.189200
186.0000 1.604200
187.0000 0.911200
188.0000 0.720800
189.0000 0.899400
190.0000 1.194400
191.0000 0.880600
192.0000 0.814000
193.0000 1.552400
194.0000 1.334400
195.0000 1.927000
196.0000 2.821800
197.0000 3.351600
198.0000 2.573800
199.0000 2.694600
200.0000 2.849800
201.0000 1.787000
202.0000 0.920800
203.0000 1.229200
204.0000 0.700400
205.0000 0.792600
206.0000 0.993800
207.0000 0.544000
208.0000 0.531000
209.0000 0.499200
210.0000 0.433000
211.0000 0.672000
212.0000 0.474400
213.0000 0.742000
214.0000 0.522600
215.0000 0.929000
216.0000 0.545600
217.0000 0.890000
218.0000 0.547000
219.0000 0.577400
220.0000 0.684600
221.0000 1.001200
222.0000 0.700600
223.0000 0.853000
224.0000 0.612400
225.0000 0.782600
226.0000 0.590400
227.0000 0.535600
228.0000 0.514200
229.0000 0.636200
230.0000 0.600400
231.0000 0.915600
232.0000 1.171000
233.0000 1.598600
234.0000 0.788400
235.0000 0.879200
236.0000 1.320000
237.0000 0.961800
238.0000 0.610800
239.0000 1.432200
240.0000 0.934600
241.0000 1.714000
242.0000 0.910400
243.0000 0.680800
244.0000 0.777600
245.0000 0.840600
246.0000 1.247000
247.0000 1.663600
248.0000 1.273800
249.0000 1.958200
250.0000 1.770000
251.0000 1.004200
252.0000 1.580000
253.0000 1.227400
254.0000 1.149000
255.0000 0.971400
256.0000 0.583800
257.0000 0.856800
258.0000 0.691800
259.0000 1.013200
260.0000 0.606200
261.0000 0.573200
262.0000 0.966400
263.0000 0.812600
264.0000 0.785800
265.0000 1.007800
266.0000 1.435200
267.0000 1.408600
268.0000 1.124200
269.0000 1.144400
270.0000 1.499400
271.0000 1.406000
272.0000 1.222600
273.0000 0.849200
274.0000 0.661000
275.0000 0.820600
276.0000 1.176800
277.0000 1.655800
278.0000 2.231600
279.0000 1.673400
280.0000 1.258800
281.0000 0.937600
282.0000 0.987600
283.0000 0.912800
284.0000 0.891800
285.0000 1.059800
286.0000 1.367200
287.0000 1.809800
288.0000 1.015800
289.0000 0.597400
290.0000 0.656200
291.0000 0.651600
292.0000 0.650600
293.0000 1.110000
294.0000 0.878800
295.0000 1.421400
296.0000 1.148800
297.0000 1.302400
298.0000 1.122200
299.0000 0.805800
300.0000 0.794800
301.0000 1.149600
302.0000 0.857800
303.0000 1.113800
304.0000 0.832600
305.0000 0.810400
306.0000 1.135000
307.0000 1.605800
308.0000 1.195400
309.0000 1.056200
310.0000 1.000600
311.0000 1.071400
312.0000 1.500000
313.0000 1.206400
314.0000 0.965200
315.0000 1.173200
316.0000 1.089800
317.0000 1.835200
318.0000 1.985600
319.0000 1.711600
320.0000 1.771600
321.0000 0.987000
322.0000 1.330600
323.0000 0.834200
324.0000 1.062200
325.0000 1.180600
326.0000 0.850400
327.0000 0.744600
328.0000 1.314400
329.0000 1.135800
330.0000 0.701200
331.0000 0.706600
332.0000 1.225200
333.0000 1.289600
334.0000 2.617000
335.0000 2.328200
336.0000 2.516000
337.0000 3.759600
338.0000 4.372600
339.0000 3.467200
340.0000 3.007400
341.0000 2.623200
342.0000 2.230800
343.0000 1.896000
344.0000 1.821800
345.0000 2.058400
346.0000 2.109400
347.0000 1.381400
348.0000 1.170600
349.0000 1.587400
350.0000 1.295800
351.0000 1.302000
352.0000 1.074200
353.0000 1.332000
354.0000 1.549800
355.0000 0.689000
356.0000 0.643200
357.0000 0.838400
358.0000 0.761000
359.0000 0.618800
360.0000 0.608000
361.0000 0.505400
362.0000 0.551600
363.0000 0.511800
364.0000 0.941200
365.0000 0.622000
366.0000 0.717600
367.0000 1.136600
368.0000 1.221000
369.0000 1.177400
370.0000 2.246400
371.0000 2.348000
372.0000 1.565400
373.0000 1.526400
374.0000 1.219000
375.0000 1.972600
376.0000 1.100200
377.0000 0.939200
378.0000 1.398400
379.0000 1.372200
380.0000 1.464000
381.0000 1.713000
382.0000 1.697400
383.0000 2.433000
384.0000 2.784200
385.0000 3.057200
386.0000 3.522400
387.0000 3.616600
388.0000 3.757200
389.0000 2.829600
390.0000 2.898600
391.0000 1.618000
392.0000 1.247000
393.0000 1.328000
394.0000 1.129200
395.0000 1.052400
396.0000 1.602000
397.0000 1.456400
398.0000 3.253400
399.0000 4.808000
400.0000 6.206800
401.0000 7.772200
402.0000 8.243400
403.0000 8.235200
404.0000 8.646400
405.0000 8.235600
406.0000 8.562400
407.0000 7.158600
408.0000 7.567200
409.0000 5.954800
410.0000 5.901000
411.0000 3.288000
412.0000 3.093200
413.0000 2.096000
414.0000 0.827800
415.0000 1.170600
416.0000 0.616000
417.0000 0.588800
418.0000 0.621800
419.0000 0.727200
420.0000 0.970800
421.0000 0.667200
422.0000 0.923600
423.0000 0.560800
424.0000 0.539200
425.0000 0.709400
426.0000 1.017800
427.0000 0.859000
428.0000 0.779600
429.0000 0.690000
430.0000 0.979000
431.0000 1.525800
432.0000 1.976600
433.0000 2.532800
434.0000 3.818800
