1.0000 0.000000 0.000000
2.0000 0.001280 0.000000
3.0000 0.001280 0.000000
4.0000 0.000000 0.000000
5.0000 0.000000 0.000000
6.0000 0.000000 0.000000
7.0000 0.000000 0.000000
8.0000 0.000000 0.000000
9.0000 0.000000 0.000000
10.0000 0.000000 0.000000
11.0000 0.000000 0.000000
12.0000 0.970080 0.000000
13.0000 0.970120 0.000000
14.0000 0.973200 0.000000
15.0000 0.999840 0.000000
16.0000 1.000000 0.000000
17.0000 0.999960 0.000000
18.0000 0.415400 0.000000
19.0000 0.265360 0.000000
20.0000 0.000080 0.000000
21.0000 0.000000 0.000000
22.0000 0.242080 0.000000
23.0000 0.265360 0.000000
24.0000 0.415400 0.000000
25.0000 0.987960 0.000000
26.0000 0.999480 0.000000
27.0000 0.999840 0.000000
28.0000 0.973200 0.000000
29.0000 0.970320 0.000000
30.0000 0.999880 0.000000
31.0000 0.999920 0.000000
32.0000 1.000000 0.000000
33.0000 1.000000 0.000000
34.0000 0.000000 0.000000
35.0000 0.000000 0.000000
36.0000 0.000000 0.000000
37.0000 0.000000 0.000000
38.0000 0.000040 0.000000
39.0000 0.048600 0.000000
40.0000 0.972920 0.000000
41.0000 0.993680 0.000000
42.0000 0.982480 0.000000
43.0000 0.000000 0.000000
44.0000 0.000000 0.000000
45.0000 0.010520 0.000000
46.0000 0.010520 0.000000
47.0000 0.045800 0.000000
48.0000 0.054640 0.000000
49.0000 0.009160 0.000000
50.0000 0.906040 0.000000
51.0000 0.906040 0.000000
52.0000 0.000000 0.000000
53.0000 0.000000 0.000000
54.0000 0.906040 0.000000
55.0000 0.906040 0.000000
56.0000 0.000000 0.000000
57.0000 0.000000 0.000000
58.0000 0.000000 0.000000
59.0000 0.000000 0.000000
60.0000 0.000000 0.000000
61.0000 0.000000 0.000000
62.0000 0.000000 0.000000
63.0000 0.000000 0.995320
64.0000 0.000000 0.996720
65.0000 0.000000 0.997120
66.0000 0.000000 0.997120
67.0000 0.000000 0.997120
68.0000 0.000000 0.959120
69.0000 0.000000 0.665560
70.0000 0.980920 0.000000
71.0000 0.993480 0.000000
72.0000 0.971840 0.000000
73.0000 0.049840 0.000000
74.0000 0.000040 0.000000
75.0000 0.000040 0.000000
76.0000 0.000000 0.000080
77.0000 0.000000 0.051440
78.0000 0.000000 0.052320
79.0000 0.000000 0.052320
80.0000 0.000000 0.052320
81.0000 0.000000 0.052320
82.0000 0.000000 0.000000
83.0000 0.999160 0.000000
84.0000 0.999560 0.000000
85.0000 0.997960 0.000000
86.0000 0.982520 0.000000
87.0000 0.000000 0.000000
88.0000 0.000000 0.000000
89.0000 0.999320 0.000000
90.0000 1.000000 0.000000
91.0000 1.000000 0.000000
92.0000 1.000000 0.000000
93.0000 0.998120 0.000000
94.0000 0.004080 0.000000
95.0000 0.113720 0.000000
96.0000 0.114080 0.000000
97.0000 0.016600 0.000000
98.0000 0.000000 0.000000
99.0000 0.000000 0.000000
100.0000 0.000440 0.000000
101.0000 0.016600 0.000000
102.0000 0.114040 0.000000
103.0000 0.114080 0.000000
104.0000 0.028600 0.000000
105.0000 0.913760 0.000000
106.0000 0.998720 0.000000
107.0000 1.000000 0.000000
108.0000 1.000000 0.000000
109.0000 0.999920 0.000000
110.0000 0.998640 0.000000
111.0000 0.239760 0.000000
112.0000 0.119560 0.000000
113.0000 0.000000 0.000000
114.0000 0.000280 0.000000
115.0000 0.237400 0.000000
116.0000 0.237400 0.000000
117.0000 0.000000 0.000000
118.0000 0.999440 0.000000
119.0000 0.999480 0.000000
120.0000 0.002040 0.000000
121.0000 0.000000 0.000000
122.0000 0.000000 0.000000
123.0000 0.000000 0.000000
124.0000 0.994840 0.000000
125.0000 1.000000 0.000000
126.0000 1.000000 0.000000
127.0000 1.000000 0.000000
128.0000 1.000000 0.000000
129.0000 1.000000 0.000000
130.0000 1.000000 0.000000
131.0000 0.998600 0.000000
132.0000 0.057520 0.000000
133.0000 0.057520 0.000000
134.0000 0.057520 0.000000
135.0000 0.000000 0.000000
136.0000 0.000000 0.000000
137.0000 0.000000 0.000000
138.0000 0.000000 0.000000
139.0000 0.211880 0.000000
140.0000 0.927640 0.000000
141.0000 0.978480 0.000000
142.0000 0.978800 0.000000
143.0000 1.000000 0.000000
144.0000 1.000000 0.000000
145.0000 1.000000 0.000000
146.0000 0.999960 0.000000
147.0000 0.000360 0.000000
148.0000 0.000000 0.000000
149.0000 0.000000 0.000000
150.0000 0.000000 0.000000
151.0000 0.000000 0.000000
152.0000 0.000000 0.000000
153.0000 0.000000 0.000000
154.0000 0.000000 0.000000
155.0000 0.000000 0.000000
156.0000 0.000000 0.000000
157.0000 0.000000 0.000000
158.0000 0.000000 0.000000
159.0000 0.000000 0.000000
160.0000 0.000000 0.000000
161.0000 0.000000 0.000000
162.0000 0.000000 0.000000
163.0000 0.000000 0.000000
164.0000 0.000000 0.000000
165.0000 0.000000 0.000000
166.0000 0.000000 0.000000
167.0000 0.000000 0.000000
168.0000 0.000000 0.000000
169.0000 0.000000 0.000000
170.0000 0.000000 0.000000
171.0000 0.000000 0.000000
172.0000 0.000000 0.000000
173.0000 0.000000 0.000000
174.0000 0.000000 0.000000
175.0000 0.000000 0.000000
176.0000 0.000000 0.000000
177.0000 0.000000 0.000000
178.0000 0.000000 0.000000
179.0000 0.000000 0.000000
180.0000 0.000000 0.000000
181.0000 0.863600 0.000000
182.0000 0.863600 0.000000
183.0000 0.000000 0.000000
184.0000 0.000000 0.000000
185.0000 0.863600 0.000000
186.0000 0.863600 0.000000
187.0000 0.000000 0.000000
188.0000 0.000000 0.000000
189.0000 0.000000 0.000000
190.0000 0.000000 0.000000
191.0000 0.037640 0.000000
192.0000 0.742120 0.000000
193.0000 0.722160 0.000000
194.0000 0.031040 0.000000
195.0000 0.000600 0.000000
196.0000 0.000600 0.000000
197.0000 0.030760 0.000000
198.0000 0.030160 0.000000
199.0000 0.030160 0.000000
200.0000 0.031040 0.000000
201.0000 0.722160 0.000000
202.0000 0.742120 0.000000
203.0000 0.037640 0.000000
204.0000 0.000000 0.000000
205.0000 0.963920 0.000000
206.0000 0.999840 0.000000
207.0000 0.999760 0.000000
208.0000 0.999560 0.000000
209.0000 0.544920 0.000000
210.0000 0.000040 0.000000
211.0000 1.000000 0.000000
212.0000 1.000000 0.000000
213.0000 1.000000 0.000000
214.0000 0.999920 0.000000
215.0000 0.999840 0.000000
216.0000 0.997560 0.000000
217.0000 0.997800 0.000000
218.0000 0.528480 0.000000
219.0000 0.000000 0.000000
220.0000 0.000000 0.000000
221.0000 0.528480 0.000000
222.0000 0.960280 0.000000
223.0000 0.936280 0.000000
224.0000 0.936240 0.000000
225.0000 0.999960 0.000000
226.0000 0.999760 0.000000
227.0000 0.998640 0.000000
228.0000 0.000000 0.000000
229.0000 0.000000 0.000000
230.0000 0.000000 0.000000
231.0000 0.000000 0.000000
232.0000 0.000000 0.000000
233.0000 0.000000 0.000000
234.0000 0.544920 0.000000
235.0000 0.999560 0.000000
236.0000 0.999760 0.000000
237.0000 0.999840 0.000000
238.0000 0.963920 0.000000
239.0000 0.000000 0.011800
240.0000 0.000000 0.011800
241.0000 0.000000 0.011800
242.0000 0.000000 0.011800
243.0000 0.000000 0.000000
244.0000 0.000000 0.000000
245.0000 0.000000 0.000000
246.0000 0.000000 0.000000
247.0000 0.000000 0.000000
248.0000 0.000000 0.000000
249.0000 0.000000 0.000000
250.0000 0.000000 0.000000
251.0000 0.000000 0.000000
252.0000 0.000000 0.000000
253.0000 0.000000 0.000000
254.0000 0.000000 0.000000
255.0000 0.000000 0.000000
256.0000 0.000000 0.000000
257.0000 0.000000 0.000000
258.0000 0.000000 0.000000
259.0000 0.000000 0.000000
260.0000 0.000000 0.000000
261.0000 0.000000 0.000000
262.0000 0.000000 0.000000
263.0000 0.000000 0.000000
264.0000 0.000000 0.141920
265.0000 0.000000 0.141920
266.0000 0.000000 0.141920
267.0000 0.000000 0.141920
268.0000 0.000000 0.000120
269.0000 0.000000 0.000000
270.0000 0.000000 0.000000
271.0000 0.000000 0.000000
272.0000 0.000000 0.000000
273.0000 0.762480 0.000000
274.0000 0.762480 0.000000
275.0000 0.000000 0.000000
276.0000 0.000000 0.000000
277.0000 0.000000 0.000000
278.0000 0.000000 0.000000
279.0000 0.000000 0.000000
280.0000 0.000000 0.000000
281.0000 0.762480 0.000000
282.0000 0.762480 0.000000
283.0000 0.000000 0.000000
284.0000 0.000000 0.000000
285.0000 0.000000 0.000000
286.0000 0.007560 0.000000
287.0000 0.986000 0.000000
288.0000 1.000000 0.000000
289.0000 1.000000 0.000000
290.0000 1.000000 0.000000
291.0000 1.000000 0.000000
292.0000 1.000000 0.000000
293.0000 0.999880 0.000000
294.0000 0.123880 0.000000
295.0000 0.000000 0.000000
296.0000 0.000000 0.000000
297.0000 0.000320 0.000000
298.0000 0.147000 0.000000
299.0000 0.956480 0.000000
300.0000 0.999640 0.000000
301.0000 0.999720 0.000000
302.0000 0.999840 0.000000
303.0000 1.000000 0.000000
304.0000 0.998280 0.000000
305.0000 0.990120 0.000000
306.0000 0.000000 0.000000
307.0000 0.000000 0.000000
308.0000 0.989840 0.000000
309.0000 0.997520 0.000000
310.0000 0.986120 0.000000
311.0000 0.596120 0.000000
312.0000 0.000000 0.000000
313.0000 0.000000 0.000000
314.0000 0.000000 0.000000
315.0000 0.072320 0.000000
316.0000 0.072520 0.000000
317.0000 0.067440 0.000000
318.0000 0.000000 0.000000
319.0000 0.000000 0.000000
320.0000 0.067440 0.000000
321.0000 0.072520 0.000000
322.0000 0.072320 0.000000
323.0000 0.000000 0.000000
324.0000 0.049640 0.000000
325.0000 0.091920 0.000000
326.0000 0.042680 0.000000
327.0000 0.000000 0.928440
328.0000 0.000000 0.929560
329.0000 0.000000 0.929640
330.0000 0.000000 0.929960
331.0000 0.000000 0.939880
332.0000 0.000000 0.765320
333.0000 0.000000 0.770440
334.0000 0.000000 0.740280
335.0000 0.000000 0.721280
336.0000 0.000000 0.706600
337.0000 0.000000 0.661400
338.0000 0.000000 0.001040
339.0000 0.000000 0.000000
340.0000 0.000000 0.024360
341.0000 0.000000 0.571160
342.0000 0.000000 0.640960
343.0000 0.000000 0.640960
344.0000 0.000000 0.640960
345.0000 0.000000 0.640760
346.0000 0.000000 0.003520
347.0000 0.000000 0.535520
348.0000 0.000000 0.830480
349.0000 0.000000 0.844320
350.0000 0.000000 0.996440
351.0000 0.000000 0.999320
352.0000 0.000000 0.999920
353.0000 0.000000 0.999920
354.0000 0.000000 0.999960
355.0000 0.000000 0.999840
356.0000 0.000000 0.998160
357.0000 0.000000 0.950680
358.0000 0.002040 0.000000
359.0000 0.999480 0.000000
360.0000 0.999960 0.000000
361.0000 1.000000 0.000000
362.0000 1.000000 0.000000
363.0000 1.000000 0.000000
364.0000 1.000000 0.000000
365.0000 0.989080 0.000000
366.0000 0.929640 0.000000
367.0000 0.211880 0.000000
368.0000 0.000000 0.000000
369.0000 0.000000 0.000000
370.0000 0.000000 0.000000
371.0000 0.000000 0.000000
372.0000 0.000000 0.000000
373.0000 0.000000 0.001360
374.0000 0.000000 0.009120
375.0000 0.000000 0.009120
376.0000 0.000000 0.009120
377.0000 0.000000 0.009120
378.0000 0.033280 0.000120
379.0000 0.033360 0.000000
380.0000 0.000080 0.000000
381.0000 0.000000 0.000000
382.0000 0.000280 0.001600
383.0000 0.000280 0.001600
384.0000 0.000000 0.001600
385.0000 0.000000 0.001600
386.0000 0.000280 0.001600
387.0000 0.000280 0.001600
388.0000 0.000000 0.000000
389.0000 0.000000 0.000000
390.0000 0.000000 0.000000
391.0000 0.000080 0.000000
392.0000 0.033360 0.000000
393.0000 0.033280 0.000000
394.0000 0.022160 0.000000
395.0000 0.000000 0.000000
396.0000 0.000000 0.000000
397.0000 0.000000 0.000000
398.0000 0.000000 0.000000
399.0000 0.000000 0.000000
400.0000 0.000000 0.000000
401.0000 0.000000 0.000000
402.0000 0.000000 0.000000
403.0000 0.000000 0.215960
404.0000 0.000000 0.224880
405.0000 0.000000 0.244000
406.0000 0.000000 0.328560
407.0000 0.000000 0.328520
408.0000 0.000000 0.315160
409.0000 0.000000 0.282040
410.0000 0.003440 0.000440
411.0000 0.003440 0.000000
412.0000 0.003440 0.000000
413.0000 0.004080 0.000000
414.0000 0.998240 0.000000
415.0000 1.000000 0.000000
416.0000 1.000000 0.000000
417.0000 1.000000 0.000000
418.0000 0.999680 0.000000
419.0000 0.998200 0.000000
420.0000 0.998520 0.000000
421.0000 1.000000 0.000000
422.0000 0.999960 0.000000
423.0000 0.999280 0.000000
424.0000 0.809200 0.000000
425.0000 0.000000 0.000000
426.0000 0.000000 0.000000
427.0000 0.000000 0.000000
428.0000 0.000000 0.000000
429.0000 0.000000 0.000000
430.0000 0.000000 0.000000
431.0000 0.000000 0.000000
432.0000 0.000000 0.000000
433.0000 0.000000 0.000000
