2.0000 5.721200
3.0000 4.166200
4.0000 2.159000
5.0000 2.810000
6.0000 3.906800
7.0000 3.474200
8.0000 2.457800
9.0000 1.512000
10.0000 1.359800
11.0000 0.809200
12.0000 0.688200
13.0000 0.763600
14.0000 0.762400
15.0000 0.856600
16.0000 0.579000
17.0000 1.183600
18.0000 1.254600
19.0000 0.628200
20.0000 1.085800
21.0000 1.380600
22.0000 1.498400
23.0000 1.538800
24.0000 1.543200
25.0000 0.891000
26.0000 1.138600
27.0000 1.618800
28.0000 1.002600
29.0000 0.922600
30.0000 0.578200
31.0000 0.616800
32.0000 0.836600
33.0000 0.581000
34.0000 0.715600
35.0000 0.777000
36.0000 0.650400
37.0000 1.003800
38.0000 0.698400
39.0000 0.686400
40.0000 1.855000
41.0000 1.109600
42.0000 1.381600
43.0000 1.012400
44.0000 1.365400
45.0000 1.781000
46.0000 1.777800
47.0000 2.031400
48.0000 1.630000
49.0000 1.489600
50.0000 0.835000
51.0000 1.207400
52.0000 2.008400
53.0000 1.652200
54.0000 1.714000
55.0000 1.409200
56.0000 0.845200
57.0000 1.055000
58.0000 1.317800
59.0000 1.425400
60.0000 1.138400
61.0000 0.858400
62.0000 1.046200
63.0000 1.192800
64.0000 0.935800
65.0000 1.530000
66.0000 1.123200
67.0000 0.816600
68.0000 1.007200
69.0000 1.663000
70.0000 1.173600
71.0000 0.902600
72.0000 1.088000
73.0000 1.174000
74.0000 1.265200
75.0000 1.051600
76.0000 1.089400
77.0000 1.257400
78.0000 0.911200
79.0000 1.145600
80.0000 2.112400
81.0000 2.118800
82.0000 2.021200
83.0000 0.806600
84.0000 0.935200
85.0000 1.037200
86.0000 1.144800
87.0000 1.065800
88.0000 0.808400
89.0000 1.099800
90.0000 0.811200
91.0000 0.771600
92.0000 0.730200
93.0000 0.697000
94.0000 0.940600
95.0000 1.021800
96.0000 1.376400
97.0000 1.781400
98.0000 2.730000
99.0000 2.918600
100.0000 2.967200
101.0000 3.368800
102.0000 2.815000
103.0000 1.932800
104.0000 1.372400
105.0000 0.721600
106.0000 0.637200
107.0000 0.597600
108.0000 0.730800
109.0000 0.505400
110.0000 0.581000
111.0000 0.710800
112.0000 0.924400
113.0000 1.845200
114.0000 2.351200
115.0000 1.563000
116.0000 0.854400
117.0000 0.481800
118.0000 0.786800
119.0000 0.988000
120.0000 0.946800
121.0000 0.989000
122.0000 0.848600
123.0000 0.976600
124.0000 0.606200
125.0000 0.796400
126.0000 0.741800
127.0000 0.641200
128.0000 0.508000
129.0000 0.579000
130.0000 0.849800
131.0000 0.624800
132.0000 0.844800
133.0000 0.714200
134.0000 0.661400
135.0000 1.067800
136.0000 0.840200
137.0000 0.796000
138.0000 0.855600
139.0000 0.817600
140.0000 0.982400
141.0000 0.615000
142.0000 0.541000
143.0000 0.546600
144.0000 0.711800
145.0000 0.442200
146.0000 0.672600
147.0000 0.687000
148.0000 0.697000
149.0000 0.787000
150.0000 1.027600
151.0000 0.640200
152.0000 0.827200
153.0000 0.643600
154.0000 0.772400
155.0000 0.898800
156.0000 1.147200
157.0000 1.482400
158.0000 1.687200
159.0000 1.586200
160.0000 1.942000
161.0000 1.193400
162.0000 1.724400
163.0000 0.963200
164.0000 0.603800
165.0000 0.584200
166.0000 1.233200
167.0000 1.248800
168.0000 0.520000
169.0000 0.878200
170.0000 0.512200
171.0000 0.499600
172.0000 0.471000
173.0000 0.542400
174.0000 0.595800
175.0000 0.915000
176.0000 0.590000
177.0000 0.649400
178.0000 0.891200
179.0000 1.046600
180.0000 0.837200
181.0000 1.130600
182.0000 1.250000
183.0000 1.083400
184.0000 1.186400
185.0000 1.128800
186.0000 1.543000
187.0000 0.949000
188.0000 0.782800
189.0000 1.053600
190.0000 1.351400
191.0000 0.898400
192.0000 0.818800
193.0000 1.509200
194.0000 1.256000
195.0000 1.379800
196.0000 2.085800
197.0000 2.161000
198.0000 2.109000
199.0000 2.229000
200.0000 2.633400
201.0000 1.747200
202.0000 0.980000
203.0000 1.150200
204.0000 0.776200
205.0000 0.921600
206.0000 1.130400
207.0000 0.603200
208.0000 0.560800
209.0000 0.538400
210.0000 0.462200
211.0000 0.698400
212.0000 0.572600
213.0000 0.722200
214.0000 0.575200
215.0000 0.904200
216.0000 0.547600
217.0000 0.899200
218.0000 0.533400
219.0000 0.558000
220.0000 0.706800
221.0000 1.035400
222.0000 0.611200
223.0000 0.755800
224.0000 0.584000
225.0000 0.796600
226.0000 0.666000
227.0000 0.562000
228.0000 0.562400
229.0000 0.678400
230.0000 0.652800
231.0000 1.029200
232.0000 1.312200
233.0000 1.652800
234.0000 0.842800
235.0000 1.019400
236.0000 1.367000
237.0000 1.061400
238.0000 0.687400
239.0000 1.515800
240.0000 1.014600
241.0000 1.759400
242.0000 1.006600
243.0000 0.812400
244.0000 0.998800
245.0000 1.231400
246.0000 2.092200
247.0000 2.641600
248.0000 2.017800
249.0000 2.754600
250.0000 2.622000
251.0000 2.081600
252.0000 2.696000
253.0000 1.715000
254.0000 1.330600
255.0000 1.106400
256.0000 0.656800
257.0000 0.989000
258.0000 0.852200
259.0000 1.198400
260.0000 0.707400
261.0000 0.677000
262.0000 1.048400
263.0000 0.917800
264.0000 0.631800
265.0000 0.831000
266.0000 1.447000
267.0000 1.383600
268.0000 1.164600
269.0000 1.060000
270.0000 1.461600
271.0000 1.373800
272.0000 1.210600
273.0000 0.841600
274.0000 0.662200
275.0000 0.805800
276.0000 1.139400
277.0000 1.607400
278.0000 2.121400
279.0000 1.615400
280.0000 1.241200
281.0000 0.948600
282.0000 0.971800
283.0000 0.956400
284.0000 0.812800
285.0000 1.061800
286.0000 1.377200
287.0000 1.829600
288.0000 1.002600
289.0000 0.590200
290.0000 0.651600
291.0000 0.701800
292.0000 0.601600
293.0000 1.069400
294.0000 0.858600
295.0000 1.412800
296.0000 1.151600
297.0000 1.253600
298.0000 1.159400
299.0000 0.948200
300.0000 0.889600
301.0000 1.278400
302.0000 0.816600
303.0000 1.239800
304.0000 0.865400
305.0000 0.773800
306.0000 1.079600
307.0000 1.639400
308.0000 1.204800
309.0000 1.259600
310.0000 1.105200
311.0000 1.211400
312.0000 1.575200
313.0000 1.452000
314.0000 1.066200
315.0000 1.195800
316.0000 1.087600
317.0000 1.867400
318.0000 1.892000
319.0000 1.747600
320.0000 1.843600
321.0000 1.242600
322.0000 1.390000
323.0000 0.970000
324.0000 1.115400
325.0000 1.323600
326.0000 0.899200
327.0000 0.870400
328.0000 1.360000
329.0000 1.221000
330.0000 0.805600
331.0000 0.820600
332.0000 1.315200
333.0000 1.501000
334.0000 2.952200
335.0000 3.092000
336.0000 3.295000
337.0000 4.747800
338.0000 5.533600
339.0000 4.226000
340.0000 3.549400
341.0000 2.880600
342.0000 2.231400
343.0000 1.678000
344.0000 1.960600
345.0000 2.191600
346.0000 2.001200
347.0000 1.397800
348.0000 1.219600
349.0000 1.643000
350.0000 1.319800
351.0000 1.446800
352.0000 1.060000
353.0000 1.312800
354.0000 1.629600
355.0000 0.723400
356.0000 0.679800
357.0000 0.907200
358.0000 0.846200
359.0000 0.751400
360.0000 0.637600
361.0000 0.523000
362.0000 0.556400
363.0000 0.520400
364.0000 0.931000
365.0000 0.608000
366.0000 0.762000
367.0000 0.739600
368.0000 1.079600
369.0000 1.170600
370.0000 2.314800
371.0000 2.483200
372.0000 1.707400
373.0000 1.593000
374.0000 1.174800
375.0000 1.909000
376.0000 1.364600
377.0000 0.872200
378.0000 1.232600
379.0000 1.443800
380.0000 1.526400
381.0000 2.318000
382.0000 2.438600
383.0000 2.994400
384.0000 3.867800
385.0000 4.200200
386.0000 4.609000
387.0000 4.757000
388.0000 4.871800
389.0000 3.646000
390.0000 2.956800
391.0000 1.446400
392.0000 1.182600
393.0000 1.304200
394.0000 1.024400
395.0000 1.036200
396.0000 1.491800
397.0000 1.259800
398.0000 2.872400
399.0000 4.007600
400.0000 5.095800
401.0000 5.586200
402.0000 5.195200
403.0000 5.572000
404.0000 5.417000
405.0000 5.323400
406.0000 5.950400
407.0000 5.107200
408.0000 6.073400
409.0000 5.201800
410.0000 4.462600
411.0000 2.771200
412.0000 2.487600
413.0000 2.051600
414.0000 0.805800
415.0000 1.150400
416.0000 0.628200
417.0000 0.612200
418.0000 0.624800
419.0000 0.721000
420.0000 0.956600
421.0000 0.679200
422.0000 0.902800
423.0000 0.576200
424.0000 0.537200
425.0000 0.696400
426.0000 0.974000
427.0000 0.827000
428.0000 0.705000
429.0000 0.697400
430.0000 0.953800
431.0000 1.536400
432.0000 1.963000
433.0000 2.779400
434.0000 4.224200
