2.0000 5.115800
3.0000 3.640400
4.0000 1.948000
5.0000 2.423600
6.0000 3.823600
7.0000 3.100600
8.0000 2.186800
9.0000 1.019800
10.0000 1.211200
11.0000 0.694800
12.0000 0.652800
13.0000 0.744600
14.0000 0.733000
15.0000 0.825200
16.0000 0.571400
17.0000 1.179600
18.0000 1.265400
19.0000 0.608200
20.0000 1.099800
21.0000 1.392400
22.0000 1.448200
23.0000 1.412200
24.0000 1.349400
25.0000 0.864600
26.0000 1.132600
27.0000 1.627000
28.0000 1.019800
29.0000 0.887600
30.0000 0.554200
31.0000 0.554000
32.0000 0.794400
33.0000 0.524800
34.0000 0.659400
35.0000 0.757800
36.0000 0.610000
37.0000 1.008000
38.0000 0.689800
39.0000 0.592200
40.0000 1.645600
41.0000 1.094600
42.0000 1.242200
43.0000 1.036600
44.0000 1.617800
45.0000 2.016400
46.0000 1.825800
47.0000 1.729400
48.0000 1.473000
49.0000 1.412600
50.0000 0.820800
51.0000 1.105400
52.0000 1.828000
53.0000 1.406200
54.0000 1.465600
55.0000 1.328600
56.0000 0.787400
57.0000 1.026600
58.0000 1.397600
59.0000 1.428400
60.0000 1.182000
61.0000 0.854200
62.0000 1.046000
63.0000 1.170200
64.0000 0.876600
65.0000 1.555600
66.0000 1.122000
67.0000 0.784200
68.0000 0.932200
69.0000 1.599000
70.0000 1.119600
71.0000 0.853000
72.0000 1.041200
73.0000 0.976600
74.0000 1.035200
75.0000 0.740200
76.0000 0.750400
77.0000 1.124200
78.0000 0.843000
79.0000 1.325000
80.0000 1.953400
81.0000 1.623600
82.0000 1.381000
83.0000 0.750400
84.0000 0.914600
85.0000 1.010200
86.0000 1.100600
87.0000 1.024600
88.0000 0.763000
89.0000 1.126400
90.0000 0.774800
91.0000 0.775400
92.0000 0.672400
93.0000 0.683200
94.0000 0.973000
95.0000 1.316200
96.0000 1.502600
97.0000 1.721200
98.0000 2.446200
99.0000 2.570800
100.0000 2.704000
101.0000 3.263400
102.0000 3.166800
103.0000 2.287800
104.0000 1.407800
105.0000 0.740000
106.0000 0.634400
107.0000 0.579600
108.0000 0.733200
109.0000 0.483200
110.0000 0.553400
111.0000 0.643600
112.0000 0.959000
113.0000 1.799800
114.0000 2.025200
115.0000 1.450800
116.0000 0.842600
117.0000 0.456800
118.0000 0.760200
119.0000 0.980200
120.0000 0.928200
121.0000 1.014600
122.0000 1.031200
123.0000 0.980600
124.0000 0.580800
125.0000 0.809000
126.0000 0.714800
127.0000 0.774200
128.0000 0.496200
129.0000 0.609800
130.0000 0.837800
131.0000 0.647200
132.0000 0.866800
133.0000 0.880200
134.0000 0.930200
135.0000 1.405600
136.0000 0.965000
137.0000 0.998600
138.0000 1.104800
139.0000 1.046600
140.0000 1.184600
141.0000 0.892800
142.0000 0.576400
143.0000 0.552400
144.0000 0.752600
145.0000 0.453200
146.0000 0.636200
147.0000 0.630400
148.0000 0.678400
149.0000 0.778200
150.0000 1.002600
151.0000 0.619000
152.0000 0.796600
153.0000 0.603800
154.0000 0.693600
155.0000 0.876800
156.0000 1.098200
157.0000 1.361200
158.0000 1.204000
159.0000 1.395000
160.0000 1.405800
161.0000 0.864200
162.0000 1.416000
163.0000 0.764400
164.0000 0.536400
165.0000 0.544400
166.0000 0.985200
167.0000 0.881200
168.0000 0.482000
169.0000 0.838000
170.0000 0.482600
171.0000 0.478200
172.0000 0.449000
173.0000 0.486000
174.0000 0.540200
175.0000 0.701000
176.0000 0.545800
177.0000 0.582800
178.0000 0.717600
179.0000 0.932200
180.0000 0.735200
181.0000 1.020000
182.0000 1.153200
183.0000 0.889600
184.0000 0.998400
185.0000 1.076400
186.0000 1.439200
187.0000 0.924600
188.0000 0.733200
189.0000 0.938400
190.0000 1.194600
191.0000 0.873200
192.0000 0.816200
193.0000 1.533400
194.0000 1.202600
195.0000 1.363000
196.0000 2.023800
197.0000 2.152600
198.0000 1.874000
199.0000 1.946400
200.0000 2.229400
201.0000 1.495400
202.0000 0.948600
203.0000 1.244200
204.0000 0.720800
205.0000 0.805000
206.0000 1.016200
207.0000 0.546200
208.0000 0.519000
209.0000 0.511400
210.0000 0.447000
211.0000 0.700400
212.0000 0.508800
213.0000 0.836200
214.0000 0.587800
215.0000 1.008800
216.0000 0.606400
217.0000 0.948400
218.0000 0.610600
219.0000 0.803200
220.0000 0.934200
221.0000 1.235400
222.0000 0.797800
223.0000 0.920800
224.0000 0.654600
225.0000 0.778800
226.0000 0.635600
227.0000 0.566200
228.0000 0.576600
229.0000 0.701800
230.0000 0.639800
231.0000 1.090600
232.0000 1.327000
233.0000 1.690000
234.0000 0.845400
235.0000 1.012000
236.0000 1.341600
237.0000 0.956600
238.0000 0.610800
239.0000 1.441800
240.0000 0.926800
241.0000 1.771000
242.0000 0.925000
243.0000 0.667200
244.0000 0.742200
245.0000 0.794800
246.0000 1.169200
247.0000 1.256200
248.0000 1.126800
249.0000 1.822600
250.0000 1.754000
251.0000 1.320000
252.0000 2.054200
253.0000 1.341600
254.0000 1.371600
255.0000 1.175800
256.0000 0.620000
257.0000 0.928200
258.0000 0.755400
259.0000 1.044400
260.0000 0.674000
261.0000 0.638800
262.0000 1.097400
263.0000 0.966400
264.0000 0.982800
265.0000 0.932200
266.0000 1.404200
267.0000 1.542000
268.0000 1.179400
269.0000 1.023600
270.0000 1.327200
271.0000 1.654200
272.0000 1.547400
273.0000 1.054800
274.0000 1.028000
275.0000 1.116200
276.0000 1.479600
277.0000 1.823800
278.0000 2.333000
279.0000 1.810400
280.0000 1.391200
281.0000 1.081000
282.0000 1.068600
283.0000 1.183000
284.0000 1.388200
285.0000 1.541400
286.0000 1.674000
287.0000 1.955800
288.0000 0.993000
289.0000 0.595200
290.0000 0.692400
291.0000 0.697200
292.0000 0.649800
293.0000 1.050600
294.0000 1.171000
295.0000 1.367600
296.0000 1.155600
297.0000 1.367600
298.0000 1.298400
299.0000 0.806400
300.0000 0.769000
301.0000 1.074800
302.0000 0.880000
303.0000 1.017000
304.0000 0.791000
305.0000 0.740000
306.0000 1.032400
307.0000 1.681800
308.0000 1.219200
309.0000 1.090800
310.0000 0.978000
311.0000 1.171600
312.0000 1.349600
313.0000 1.160200
314.0000 1.009400
315.0000 1.249200
316.0000 1.193000
317.0000 1.971000
318.0000 2.113800
319.0000 1.806600
320.0000 1.798000
321.0000 1.024200
322.0000 1.325400
323.0000 0.810600
324.0000 0.971400
325.0000 1.152600
326.0000 0.911800
327.0000 0.794400
328.0000 1.290000
329.0000 1.189200
330.0000 0.840800
331.0000 0.789400
332.0000 1.381600
333.0000 1.494600
334.0000 2.397400
335.0000 2.221800
336.0000 2.688600
337.0000 3.724200
338.0000 4.664600
339.0000 3.885400
340.0000 3.394400
341.0000 3.087200
342.0000 2.385600
343.0000 2.224800
344.0000 2.402400
345.0000 2.552000
346.0000 2.208800
347.0000 1.595600
348.0000 1.333000
349.0000 1.478400
350.0000 1.258400
351.0000 1.308400
352.0000 0.962400
353.0000 1.261400
354.0000 1.607600
355.0000 0.830600
356.0000 0.778400
357.0000 1.040800
358.0000 0.904200
359.0000 0.740600
360.0000 0.634800
361.0000 0.510000
362.0000 0.556000
363.0000 0.516800
364.0000 0.944400
365.0000 0.575600
366.0000 0.737400
367.0000 1.051600
368.0000 1.211600
369.0000 1.333200
370.0000 2.393400
371.0000 2.559600
372.0000 1.829600
373.0000 1.933400
374.0000 2.064200
375.0000 2.271000
376.0000 2.165600
377.0000 2.053600
378.0000 2.297000
379.0000 2.174000
380.0000 2.205800
381.0000 2.290200
382.0000 2.214600
383.0000 2.771800
384.0000 3.372800
385.0000 4.057400
386.0000 4.300200
387.0000 4.456200
388.0000 4.486200
389.0000 3.658600
390.0000 3.107200
391.0000 2.089400
392.0000 2.067000
393.0000 2.115200
394.0000 1.992400
395.0000 1.725800
396.0000 2.262200
397.0000 1.793600
398.0000 3.678800
399.0000 5.360800
400.0000 6.183600
401.0000 7.104000
402.0000 7.383200
403.0000 7.631600
404.0000 8.119400
405.0000 7.710000
406.0000 8.447000
407.0000 7.060200
408.0000 6.669400
409.0000 6.206800
410.0000 6.415400
411.0000 3.760400
412.0000 2.928400
413.0000 2.254000
414.0000 0.953600
415.0000 1.248600
416.0000 0.676800
417.0000 0.577400
418.0000 0.637600
419.0000 0.732800
420.0000 1.015600
421.0000 0.662600
422.0000 0.895600
423.0000 0.560400
424.0000 0.525400
425.0000 0.670800
426.0000 0.919400
427.0000 0.791600
428.0000 0.735400
429.0000 0.668400
430.0000 0.899200
431.0000 1.382600
432.0000 1.662000
433.0000 2.536200
434.0000 3.958200
