2.0000 6.471200
3.0000 4.467000
4.0000 2.091600
5.0000 2.966800
6.0000 3.838200
7.0000 3.874600
8.0000 2.580800
9.0000 1.441400
10.0000 1.280000
11.0000 0.775800
12.0000 0.667200
13.0000 0.749600
14.0000 0.734800
15.0000 0.812400
16.0000 0.576600
17.0000 1.193600
18.0000 1.249400
19.0000 0.627400
20.0000 1.159200
21.0000 1.530400
22.0000 1.637600
23.0000 1.666400
24.0000 1.613200
25.0000 0.869000
26.0000 1.133600
27.0000 1.619800
28.0000 0.986400
29.0000 0.946400
30.0000 0.561200
31.0000 0.571600
32.0000 0.822400
33.0000 0.548400
34.0000 0.680600
35.0000 0.767600
36.0000 0.657000
37.0000 1.025800
38.0000 0.886200
39.0000 0.706200
40.0000 1.699600
41.0000 1.135400
42.0000 1.213800
43.0000 1.113800
44.0000 1.611200
45.0000 2.057200
46.0000 1.949400
47.0000 2.037200
48.0000 1.615000
49.0000 1.533600
50.0000 0.891000
51.0000 1.198200
52.0000 2.052800
53.0000 1.632800
54.0000 1.660000
55.0000 1.504600
56.0000 0.852600
57.0000 1.062400
58.0000 1.357800
59.0000 1.451800
60.0000 1.187400
61.0000 0.884800
62.0000 1.084800
63.0000 1.237400
64.0000 1.004000
65.0000 1.659600
66.0000 1.220000
67.0000 0.875800
68.0000 1.097200
69.0000 1.714800
70.0000 1.256200
71.0000 1.008000
72.0000 1.213600
73.0000 1.085800
74.0000 1.195200
75.0000 0.977200
76.0000 1.003000
77.0000 1.242000
78.0000 0.846600
79.0000 1.445200
80.0000 1.920000
81.0000 1.677000
82.0000 1.473800
83.0000 0.765400
84.0000 0.898000
85.0000 0.977400
86.0000 1.088600
87.0000 1.016800
88.0000 0.775600
89.0000 1.089000
90.0000 0.795600
91.0000 0.778000
92.0000 0.651200
93.0000 0.680400
94.0000 0.936200
95.0000 1.137200
96.0000 1.692400
97.0000 1.885600
98.0000 3.087400
99.0000 3.172000
100.0000 3.320600
101.0000 3.549600
102.0000 3.263800
103.0000 2.143400
104.0000 1.567600
105.0000 0.859800
106.0000 0.674800
107.0000 0.636400
108.0000 0.731400
109.0000 0.500400
110.0000 0.569000
111.0000 0.652600
112.0000 0.917000
113.0000 1.595600
114.0000 1.987600
115.0000 1.321600
116.0000 0.857000
117.0000 0.478200
118.0000 0.775600
119.0000 1.014400
120.0000 0.944000
121.0000 1.040000
122.0000 0.974200
123.0000 1.099600
124.0000 0.615000
125.0000 0.802000
126.0000 0.707000
127.0000 0.721000
128.0000 0.495600
129.0000 0.590200
130.0000 0.869000
131.0000 0.620400
132.0000 0.820800
133.0000 0.728800
134.0000 0.676600
135.0000 1.065400
136.0000 0.872400
137.0000 0.863200
138.0000 0.988800
139.0000 0.878600
140.0000 1.100200
141.0000 0.790800
142.0000 0.529800
143.0000 0.555000
144.0000 0.751200
145.0000 0.445800
146.0000 0.727600
147.0000 0.674400
148.0000 0.686800
149.0000 0.767400
150.0000 0.988200
151.0000 0.637200
152.0000 0.839000
153.0000 0.639000
154.0000 0.742800
155.0000 0.915200
156.0000 1.129400
157.0000 1.457400
158.0000 1.326800
159.0000 1.526200
160.0000 1.550000
161.0000 1.087600
162.0000 1.426400
163.0000 0.883200
164.0000 0.606000
165.0000 0.594600
166.0000 1.274600
167.0000 1.091200
168.0000 0.522600
169.0000 0.900000
170.0000 0.503600
171.0000 0.482400
172.0000 0.456400
173.0000 0.476200
174.0000 0.523000
175.0000 0.690600
176.0000 0.543800
177.0000 0.598400
178.0000 0.724200
179.0000 0.965200
180.0000 0.779400
181.0000 1.071000
182.0000 1.287400
183.0000 1.080400
184.0000 1.362600
185.0000 1.227800
186.0000 1.645800
187.0000 1.007000
188.0000 0.770400
189.0000 1.068000
190.0000 1.330800
191.0000 0.949400
192.0000 0.880800
193.0000 1.682000
194.0000 1.492800
195.0000 1.787600
196.0000 2.642000
197.0000 2.664000
198.0000 2.434400
199.0000 2.806200
200.0000 3.026600
201.0000 1.939800
202.0000 1.096400
203.0000 1.219400
204.0000 0.709400
205.0000 0.817200
206.0000 1.038200
207.0000 0.548000
208.0000 0.525400
209.0000 0.505800
210.0000 0.443800
211.0000 0.681600
212.0000 0.502200
213.0000 0.811800
214.0000 0.544600
215.0000 1.022600
216.0000 0.549200
217.0000 0.874400
218.0000 0.533600
219.0000 0.595800
220.0000 0.730600
221.0000 0.951000
222.0000 0.599600
223.0000 0.781400
224.0000 0.576000
225.0000 0.764200
226.0000 0.652400
227.0000 0.543800
228.0000 0.531400
229.0000 0.696600
230.0000 0.640400
231.0000 0.989600
232.0000 1.229800
233.0000 1.611400
234.0000 0.837800
235.0000 1.010600
236.0000 1.298400
237.0000 1.023600
238.0000 0.614600
239.0000 1.437400
240.0000 0.907600
241.0000 1.711000
242.0000 0.926000
243.0000 0.692600
244.0000 0.859200
245.0000 0.976800
246.0000 1.521600
247.0000 1.899400
248.0000 1.522400
249.0000 2.262200
250.0000 2.006200
251.0000 1.714200
252.0000 2.039400
253.0000 1.470600
254.0000 1.336600
255.0000 1.151200
256.0000 0.633200
257.0000 0.994400
258.0000 0.746400
259.0000 0.988400
260.0000 0.608400
261.0000 0.632000
262.0000 0.978200
263.0000 0.972600
264.0000 0.583200
265.0000 0.661800
266.0000 1.282200
267.0000 1.310400
268.0000 1.152800
269.0000 0.824000
270.0000 1.174800
271.0000 1.056000
272.0000 1.126000
273.0000 0.783400
274.0000 0.617000
275.0000 0.801400
276.0000 1.174600
277.0000 1.608400
278.0000 2.126200
279.0000 1.557800
280.0000 1.175200
281.0000 0.858800
282.0000 0.884200
283.0000 0.915800
284.0000 0.873400
285.0000 1.072000
286.0000 1.342800
287.0000 1.773000
288.0000 0.973200
289.0000 0.585600
290.0000 0.653800
291.0000 0.691600
292.0000 0.628600
293.0000 1.100200
294.0000 0.977000
295.0000 1.444600
296.0000 1.157400
297.0000 1.199600
298.0000 1.026800
299.0000 0.781400
300.0000 0.766200
301.0000 1.155800
302.0000 0.751800
303.0000 1.363800
304.0000 0.848800
305.0000 0.752200
306.0000 0.975400
307.0000 1.508400
308.0000 1.100600
309.0000 1.005400
310.0000 0.964800
311.0000 1.070400
312.0000 1.528200
313.0000 1.320600
314.0000 1.136600
315.0000 1.468200
316.0000 1.274800
317.0000 2.055000
318.0000 2.040600
319.0000 1.699400
320.0000 1.799400
321.0000 1.066400
322.0000 1.394400
323.0000 0.885200
324.0000 1.093200
325.0000 1.191800
326.0000 0.995800
327.0000 0.743800
328.0000 1.297600
329.0000 1.105200
330.0000 0.734200
331.0000 0.798000
332.0000 1.318200
333.0000 1.721600
334.0000 2.919200
335.0000 3.159200
336.0000 3.084400
337.0000 4.411800
338.0000 4.942200
339.0000 3.880200
340.0000 3.404600
341.0000 2.839000
342.0000 2.252200
343.0000 2.029800
344.0000 2.058600
345.0000 2.360600
346.0000 2.229200
347.0000 1.499200
348.0000 1.294200
349.0000 1.657600
350.0000 1.203000
351.0000 1.217400
352.0000 1.193600
353.0000 1.326400
354.0000 1.607800
355.0000 0.919400
356.0000 0.980400
357.0000 1.101000
358.0000 0.953200
359.0000 0.805800
360.0000 0.689200
361.0000 0.514800
362.0000 0.561000
363.0000 0.522800
364.0000 0.961600
365.0000 0.651200
366.0000 0.715200
367.0000 1.308400
368.0000 1.191200
369.0000 1.251600
370.0000 2.190000
371.0000 2.017600
372.0000 1.521400
373.0000 1.559800
374.0000 1.563800
375.0000 1.357000
376.0000 0.991400
377.0000 0.979000
378.0000 1.380600
379.0000 1.304000
380.0000 1.351400
381.0000 1.393600
382.0000 1.727600
383.0000 2.509800
384.0000 2.940000
385.0000 3.029600
386.0000 3.376600
387.0000 3.642000
388.0000 4.021000
389.0000 3.100400
390.0000 2.457200
391.0000 1.235200
392.0000 1.016000
393.0000 1.157000
394.0000 0.921200
395.0000 0.947800
396.0000 1.593600
397.0000 1.381600
398.0000 2.857800
399.0000 4.231200
400.0000 5.030800
401.0000 5.259200
402.0000 5.536000
403.0000 5.926600
404.0000 6.341000
405.0000 6.219800
406.0000 5.657200
407.0000 5.652000
408.0000 5.922600
409.0000 5.100400
410.0000 5.449400
411.0000 3.132800
412.0000 2.942800
413.0000 2.388000
414.0000 0.872600
415.0000 1.171200
416.0000 0.609200
417.0000 0.574200
418.0000 0.623200
419.0000 0.703600
420.0000 0.948000
421.0000 0.669000
422.0000 0.881800
423.0000 0.587000
424.0000 0.536400
425.0000 0.695800
426.0000 0.983600
427.0000 0.838800
428.0000 0.809600
429.0000 0.695200
430.0000 1.049600
431.0000 2.374400
432.0000 2.795000
433.0000 4.546200
434.0000 6.078200
