1.0000 0.000000 0.000000
2.0000 0.000360 0.000000
3.0000 0.000360 0.000000
4.0000 0.000000 0.000000
5.0000 0.000000 0.000000
6.0000 0.000000 0.000000
7.0000 0.000000 0.000000
8.0000 0.000000 0.000000
9.0000 0.000000 0.000000
10.0000 0.000000 0.000000
11.0000 0.000000 0.000000
12.0000 0.971480 0.000000
13.0000 0.971640 0.000000
14.0000 0.974440 0.000000
15.0000 0.999920 0.000000
16.0000 1.000000 0.000000
17.0000 1.000000 0.000000
18.0000 0.503320 0.000000
19.0000 0.348360 0.000000
20.0000 0.000000 0.000000
21.0000 0.000000 0.000000
22.0000 0.188920 0.000000
23.0000 0.348360 0.000000
24.0000 0.503320 0.000000
25.0000 0.991080 0.000000
26.0000 0.999040 0.000000
27.0000 0.999920 0.000000
28.0000 0.974440 0.000000
29.0000 0.972200 0.000000
30.0000 0.999920 0.000000
31.0000 0.999760 0.000000
32.0000 0.999880 0.000000
33.0000 0.999840 0.000000
34.0000 0.000000 0.000000
35.0000 0.000000 0.000000
36.0000 0.000000 0.000000
37.0000 0.000000 0.000000
38.0000 0.000000 0.000000
39.0000 0.035880 0.000000
40.0000 0.984920 0.000000
41.0000 0.997120 0.000000
42.0000 0.981320 0.000000
43.0000 0.000000 0.000000
44.0000 0.000000 0.000000
45.0000 0.023720 0.000000
46.0000 0.024400 0.000000
47.0000 0.150840 0.000000
48.0000 0.192760 0.000000
49.0000 0.047280 0.000000
50.0000 0.962840 0.000000
51.0000 0.962680 0.000000
52.0000 0.000000 0.000000
53.0000 0.000000 0.000000
54.0000 0.962680 0.000000
55.0000 0.962680 0.000000
56.0000 0.000000 0.000000
57.0000 0.000000 0.000000
58.0000 0.000000 0.000000
59.0000 0.000000 0.000000
60.0000 0.000000 0.000000
61.0000 0.000000 0.000000
62.0000 0.000000 0.000000
63.0000 0.000000 0.996760
64.0000 0.000000 0.998160
65.0000 0.000000 0.998440
66.0000 0.000000 0.998440
67.0000 0.000000 0.998440
68.0000 0.000000 0.969360
69.0000 0.000000 0.729120
70.0000 0.916040 0.000000
71.0000 0.996200 0.000000
72.0000 0.984560 0.000000
73.0000 0.036200 0.000000
74.0000 0.000000 0.000000
75.0000 0.000000 0.000000
76.0000 0.000000 0.000240
77.0000 0.000000 0.092160
78.0000 0.000000 0.095720
79.0000 0.000000 0.095720
80.0000 0.000000 0.095720
81.0000 0.000240 0.095720
82.0000 0.000240 0.000000
83.0000 0.998200 0.000000
84.0000 0.998680 0.000000
85.0000 0.997600 0.000000
86.0000 0.974720 0.000000
87.0000 0.000000 0.000000
88.0000 0.000000 0.000000
89.0000 0.999080 0.000000
90.0000 1.000000 0.000000
91.0000 1.000000 0.000000
92.0000 1.000000 0.000000
93.0000 0.994600 0.000000
94.0000 0.000920 0.000000
95.0000 0.053920 0.000000
96.0000 0.053400 0.000000
97.0000 0.021960 0.000000
98.0000 0.000000 0.000000
99.0000 0.000040 0.000000
100.0000 0.000040 0.000000
101.0000 0.022000 0.000000
102.0000 0.053160 0.000000
103.0000 0.053680 0.000000
104.0000 0.030480 0.000000
105.0000 0.921040 0.000000
106.0000 0.999200 0.000000
107.0000 1.000000 0.000000
108.0000 1.000000 0.000000
109.0000 0.999760 0.000000
110.0000 0.998040 0.000000
111.0000 0.283560 0.000000
112.0000 0.127080 0.000000
113.0000 0.000000 0.000000
114.0000 0.000320 0.000000
115.0000 0.281720 0.000000
116.0000 0.281720 0.000000
117.0000 0.000000 0.000000
118.0000 0.995520 0.000000
119.0000 0.995600 0.000000
120.0000 0.027280 0.000000
121.0000 0.000000 0.000000
122.0000 0.000000 0.000000
123.0000 0.000000 0.000000
124.0000 0.998480 0.000000
125.0000 1.000000 0.000000
126.0000 1.000000 0.000000
127.0000 1.000000 0.000000
128.0000 1.000000 0.000000
129.0000 1.000000 0.000000
130.0000 0.999840 0.000000
131.0000 0.998640 0.000000
132.0000 0.029240 0.000000
133.0000 0.029240 0.000000
134.0000 0.029240 0.000000
135.0000 0.000000 0.000000
136.0000 0.000000 0.000000
137.0000 0.000000 0.000000
138.0000 0.000000 0.000000
139.0000 0.207680 0.000000
140.0000 0.954040 0.000000
141.0000 0.989520 0.000000
142.0000 0.989600 0.000000
143.0000 0.999960 0.000000
144.0000 1.000000 0.000000
145.0000 1.000000 0.000000
146.0000 0.999880 0.000000
147.0000 0.001920 0.000000
148.0000 0.000000 0.000000
149.0000 0.000000 0.000000
150.0000 0.000000 0.000000
151.0000 0.000000 0.000000
152.0000 0.000000 0.000000
153.0000 0.000000 0.000000
154.0000 0.000000 0.000000
155.0000 0.000000 0.000000
156.0000 0.000000 0.000000
157.0000 0.000000 0.000000
158.0000 0.000000 0.000000
159.0000 0.000000 0.000000
160.0000 0.000000 0.000000
161.0000 0.000000 0.000000
162.0000 0.000000 0.000000
163.0000 0.000000 0.000000
164.0000 0.000000 0.000000
165.0000 0.000000 0.000000
166.0000 0.000000 0.000000
167.0000 0.000000 0.000000
168.0000 0.000000 0.000000
169.0000 0.000000 0.000000
170.0000 0.000000 0.000000
171.0000 0.000000 0.000000
172.0000 0.000000 0.000000
173.0000 0.000000 0.000000
174.0000 0.000000 0.000000
175.0000 0.000000 0.000000
176.0000 0.000000 0.000000
177.0000 0.000000 0.000000
178.0000 0.000000 0.000000
179.0000 0.000000 0.000000
180.0000 0.000000 0.000000
181.0000 0.845960 0.000000
182.0000 0.845960 0.000000
183.0000 0.000000 0.000000
184.0000 0.000000 0.000000
185.0000 0.845960 0.000000
186.0000 0.845960 0.000000
187.0000 0.000000 0.000000
188.0000 0.000000 0.000000
189.0000 0.000000 0.000000
190.0000 0.000000 0.000000
191.0000 0.029480 0.000000
192.0000 0.830400 0.000000
193.0000 0.818640 0.000000
194.0000 0.023760 0.000000
195.0000 0.000040 0.000000
196.0000 0.000040 0.000000
197.0000 0.023560 0.000000
198.0000 0.023520 0.000000
199.0000 0.023520 0.000000
200.0000 0.023760 0.000000
201.0000 0.818640 0.000000
202.0000 0.830400 0.000000
203.0000 0.029480 0.000000
204.0000 0.000000 0.000000
205.0000 0.977200 0.000000
206.0000 0.999440 0.000000
207.0000 0.999520 0.000000
208.0000 0.998840 0.000000
209.0000 0.502880 0.000000
210.0000 0.000040 0.000000
211.0000 0.999920 0.000000
212.0000 1.000000 0.000000
213.0000 1.000000 0.000000
214.0000 0.999840 0.000000
215.0000 0.999680 0.000000
216.0000 0.986440 0.000000
217.0000 0.986440 0.000000
218.0000 0.483200 0.000000
219.0000 0.000000 0.000000
220.0000 0.000000 0.000000
221.0000 0.480840 0.000000
222.0000 0.917680 0.000000
223.0000 0.894920 0.000000
224.0000 0.894880 0.000000
225.0000 0.999960 0.000000
226.0000 0.999960 0.000000
227.0000 0.999120 0.000000
228.0000 0.000000 0.000000
229.0000 0.000000 0.000000
230.0000 0.000000 0.000000
231.0000 0.000000 0.000000
232.0000 0.000000 0.000000
233.0000 0.000000 0.000000
234.0000 0.502880 0.000000
235.0000 0.998840 0.000000
236.0000 0.999520 0.000000
237.0000 0.999440 0.000000
238.0000 0.977200 0.000000
239.0000 0.000000 0.019480
240.0000 0.000000 0.019480
241.0000 0.000000 0.019480
242.0000 0.000000 0.019480
243.0000 0.000000 0.000000
244.0000 0.000000 0.000000
245.0000 0.000000 0.000000
246.0000 0.000000 0.000000
247.0000 0.000000 0.000000
248.0000 0.000000 0.000000
249.0000 0.000000 0.000000
250.0000 0.000000 0.000000
251.0000 0.000000 0.000000
252.0000 0.000000 0.000000
253.0000 0.000000 0.000000
254.0000 0.000000 0.000000
255.0000 0.000000 0.000000
256.0000 0.000000 0.000000
257.0000 0.000000 0.000000
258.0000 0.000000 0.000000
259.0000 0.000000 0.000000
260.0000 0.000000 0.000000
261.0000 0.000000 0.000000
262.0000 0.000000 0.000000
263.0000 0.000000 0.000000
264.0000 0.000000 0.247360
265.0000 0.000000 0.247360
266.0000 0.000000 0.247360
267.0000 0.000000 0.247360
268.0000 0.000000 0.000080
269.0000 0.000000 0.000000
270.0000 0.000000 0.000000
271.0000 0.000000 0.000000
272.0000 0.000000 0.000000
273.0000 0.785520 0.000000
274.0000 0.785520 0.000000
275.0000 0.000000 0.000000
276.0000 0.000000 0.000000
277.0000 0.000000 0.000000
278.0000 0.000000 0.000000
279.0000 0.000000 0.000000
280.0000 0.000000 0.000000
281.0000 0.785520 0.000000
282.0000 0.785520 0.000000
283.0000 0.000000 0.000000
284.0000 0.000000 0.000000
285.0000 0.000000 0.000000
286.0000 0.006040 0.000000
287.0000 0.950040 0.000000
288.0000 1.000000 0.000000
289.0000 1.000000 0.000000
290.0000 1.000000 0.000000
291.0000 1.000000 0.000000
292.0000 1.000000 0.000000
293.0000 0.999920 0.000000
294.0000 0.122320 0.000000
295.0000 0.000000 0.000000
296.0000 0.000000 0.000000
297.0000 0.000200 0.000000
298.0000 0.144720 0.000000
299.0000 0.971000 0.000000
300.0000 0.999080 0.000000
301.0000 0.999800 0.000000
302.0000 0.999960 0.000000
303.0000 1.000000 0.000000
304.0000 0.999960 0.000000
305.0000 0.993400 0.000000
306.0000 0.000000 0.000000
307.0000 0.000000 0.000000
308.0000 0.993040 0.000000
309.0000 0.999480 0.000000
310.0000 0.998520 0.000000
311.0000 0.808640 0.000000
312.0000 0.000000 0.000000
313.0000 0.000000 0.000000
314.0000 0.000000 0.000000
315.0000 0.078560 0.000000
316.0000 0.079320 0.000000
317.0000 0.072680 0.000000
318.0000 0.000000 0.000000
319.0000 0.000000 0.000000
320.0000 0.072680 0.000000
321.0000 0.079320 0.000000
322.0000 0.078560 0.000000
323.0000 0.000000 0.000000
324.0000 0.065560 0.000000
325.0000 0.102640 0.000000
326.0000 0.038240 0.000000
327.0000 0.000000 0.860040
328.0000 0.000000 0.862120
329.0000 0.000000 0.862200
330.0000 0.000000 0.862560
331.0000 0.000000 0.902600
332.0000 0.000000 0.818840
333.0000 0.000000 0.817640
334.0000 0.000000 0.789640
335.0000 0.000000 0.762680
336.0000 0.000000 0.747360
337.0000 0.000000 0.623000
338.0000 0.000000 0.000600
339.0000 0.000000 0.012560
340.0000 0.000000 0.076840
341.0000 0.000000 0.508520
342.0000 0.000000 0.620720
343.0000 0.000000 0.620720
344.0000 0.000000 0.620720
345.0000 0.000000 0.618360
346.0000 0.000000 0.000280
347.0000 0.000000 0.282720
348.0000 0.000000 0.987440
349.0000 0.000000 0.994360
350.0000 0.000000 0.999640
351.0000 0.000000 0.999920
352.0000 0.000000 0.999960
353.0000 0.000000 0.999960
354.0000 0.000000 0.999840
355.0000 0.000000 0.998800
356.0000 0.000000 0.940680
357.0000 0.000000 0.814840
358.0000 0.027280 0.000000
359.0000 0.995600 0.000000
360.0000 0.999960 0.000000
361.0000 1.000000 0.000000
362.0000 1.000000 0.000000
363.0000 1.000000 0.000000
364.0000 0.999920 0.000000
365.0000 0.999000 0.000000
366.0000 0.954560 0.000000
367.0000 0.208240 0.000000
368.0000 0.000000 0.000000
369.0000 0.000000 0.058840
370.0000 0.000000 0.058840
371.0000 0.000000 0.058840
372.0000 0.000000 0.058840
373.0000 0.000000 0.058840
374.0000 0.000000 0.101200
375.0000 0.000000 0.101200
376.0000 0.000000 0.101200
377.0000 0.000000 0.101200
378.0000 0.092360 0.000960
379.0000 0.092400 0.000000
380.0000 0.000040 0.000000
381.0000 0.000000 0.000000
382.0000 0.000600 0.000000
383.0000 0.000600 0.000000
384.0000 0.000000 0.000000
385.0000 0.000000 0.000000
386.0000 0.000600 0.000000
387.0000 0.000600 0.000000
388.0000 0.000000 0.000000
389.0000 0.000000 0.000000
390.0000 0.000000 0.000000
391.0000 0.000040 0.000000
392.0000 0.092400 0.000000
393.0000 0.092360 0.000000
394.0000 0.042120 0.000000
395.0000 0.000000 0.000000
396.0000 0.002120 0.000000
397.0000 0.002120 0.000080
398.0000 0.000120 0.000080
399.0000 0.000000 0.000080
400.0000 0.000960 0.000080
401.0000 0.000960 0.000000
402.0000 0.001520 0.000000
403.0000 0.001520 0.208840
404.0000 0.000120 0.484720
405.0000 0.000000 0.536360
406.0000 0.000000 0.552240
407.0000 0.000000 0.552120
408.0000 0.000000 0.535680
409.0000 0.000000 0.460840
410.0000 0.000000 0.001240
411.0000 0.000000 0.000000
412.0000 0.000000 0.000000
413.0000 0.000680 0.000000
414.0000 0.994600 0.000000
415.0000 1.000000 0.000000
416.0000 1.000000 0.000000
417.0000 1.000000 0.000000
418.0000 0.999760 0.000000
419.0000 0.998600 0.000000
420.0000 0.999080 0.000000
421.0000 1.000000 0.000000
422.0000 1.000000 0.000000
423.0000 0.999320 0.000000
424.0000 0.783360 0.000000
425.0000 0.000000 0.000000
426.0000 0.000000 0.000000
427.0000 0.000000 0.000000
428.0000 0.000000 0.000000
429.0000 0.000000 0.000000
430.0000 0.000000 0.000000
431.0000 0.000000 0.000000
432.0000 0.000000 0.000000
433.0000 0.000000 0.000000
