2.0000 5.814400
3.0000 3.834200
4.0000 2.166000
5.0000 2.824200
6.0000 4.307400
7.0000 3.635000
8.0000 2.465600
9.0000 1.790600
10.0000 1.455400
11.0000 0.843000
12.0000 0.702400
13.0000 0.777600
14.0000 0.738000
15.0000 0.851600
16.0000 0.600600
17.0000 1.269400
18.0000 1.236800
19.0000 0.700400
20.0000 1.262800
21.0000 1.736800
22.0000 1.747600
23.0000 1.773600
24.0000 1.780200
25.0000 0.957800
26.0000 1.162200
27.0000 1.652600
28.0000 1.003200
29.0000 0.932400
30.0000 0.600400
31.0000 0.632400
32.0000 0.853600
33.0000 0.626000
34.0000 0.688400
35.0000 0.761200
36.0000 0.631800
37.0000 1.002400
38.0000 0.678600
39.0000 0.642000
40.0000 1.822400
41.0000 1.041000
42.0000 1.306600
43.0000 1.032000
44.0000 1.372600
45.0000 1.794600
46.0000 1.788400
47.0000 2.027000
48.0000 1.650000
49.0000 1.464400
50.0000 0.833800
51.0000 1.192000
52.0000 1.915800
53.0000 1.457400
54.0000 1.541000
55.0000 1.325400
56.0000 0.808000
57.0000 1.036400
58.0000 1.333200
59.0000 1.411600
60.0000 1.154000
61.0000 0.855800
62.0000 1.034000
63.0000 1.193800
64.0000 0.901400
65.0000 1.553800
66.0000 1.131200
67.0000 0.797800
68.0000 0.950200
69.0000 1.583200
70.0000 1.096000
71.0000 0.883400
72.0000 1.038000
73.0000 0.987000
74.0000 1.166600
75.0000 1.006200
76.0000 1.062800
77.0000 1.108000
78.0000 0.816000
79.0000 1.224800
80.0000 1.893600
81.0000 1.704200
82.0000 1.521200
83.0000 0.823000
84.0000 0.864400
85.0000 1.052200
86.0000 1.138200
87.0000 1.088000
88.0000 0.862200
89.0000 1.131200
90.0000 0.834400
91.0000 0.786600
92.0000 0.741200
93.0000 0.714600
94.0000 0.983600
95.0000 1.116000
96.0000 1.369800
97.0000 1.653400
98.0000 2.302600
99.0000 2.501200
100.0000 2.598600
101.0000 2.867000
102.0000 2.864000
103.0000 2.092200
104.0000 1.376600
105.0000 0.723800
106.0000 0.646600
107.0000 0.599600
108.0000 0.786000
109.0000 0.501400
110.0000 0.587600
111.0000 0.691200
112.0000 0.827000
113.0000 1.512800
114.0000 1.701000
115.0000 1.428000
116.0000 0.853400
117.0000 0.499600
118.0000 0.796800
119.0000 0.943800
120.0000 0.934000
121.0000 1.044600
122.0000 0.986600
123.0000 1.049400
124.0000 0.646400
125.0000 0.867000
126.0000 0.849800
127.0000 0.744200
128.0000 0.572000
129.0000 0.692200
130.0000 0.871800
131.0000 0.671400
132.0000 0.879600
133.0000 0.828400
134.0000 0.835000
135.0000 1.299200
136.0000 0.984600
137.0000 0.874800
138.0000 0.895200
139.0000 0.936800
140.0000 1.160800
141.0000 0.797800
142.0000 0.571200
143.0000 0.558000
144.0000 0.689200
145.0000 0.448800
146.0000 0.591800
147.0000 0.695000
148.0000 0.668400
149.0000 0.773600
150.0000 0.985800
151.0000 0.644200
152.0000 0.836400
153.0000 0.627800
154.0000 0.706800
155.0000 0.905400
156.0000 1.072000
157.0000 1.390600
158.0000 1.213200
159.0000 1.500600
160.0000 1.589200
161.0000 1.084800
162.0000 1.491200
163.0000 0.865200
164.0000 0.621000
165.0000 0.631200
166.0000 1.244200
167.0000 1.130000
168.0000 0.532800
169.0000 0.893000
170.0000 0.512000
171.0000 0.489600
172.0000 0.460600
173.0000 0.499800
174.0000 0.568400
175.0000 0.911800
176.0000 0.566000
177.0000 0.613000
178.0000 0.741600
179.0000 0.985800
180.0000 0.788000
181.0000 1.068400
182.0000 1.258400
183.0000 1.060000
184.0000 1.078800
185.0000 1.082200
186.0000 1.555200
187.0000 0.966400
188.0000 0.782600
189.0000 0.996000
190.0000 1.274600
191.0000 0.859400
192.0000 0.812800
193.0000 1.439600
194.0000 1.194200
195.0000 1.337000
196.0000 1.956600
197.0000 2.031400
198.0000 1.809000
199.0000 1.920000
200.0000 2.234000
201.0000 1.583200
202.0000 0.880000
203.0000 1.168800
204.0000 0.744200
205.0000 0.895400
206.0000 1.119400
207.0000 0.582200
208.0000 0.546400
209.0000 0.524200
210.0000 0.460200
211.0000 0.691800
212.0000 0.518800
213.0000 0.926000
214.0000 0.560400
215.0000 0.966600
216.0000 0.589200
217.0000 0.917400
218.0000 0.555000
219.0000 0.583000
220.0000 0.749400
221.0000 1.106000
222.0000 0.650000
223.0000 0.819000
224.0000 0.600400
225.0000 0.811800
226.0000 0.716600
227.0000 0.604200
228.0000 0.600000
229.0000 0.692400
230.0000 0.682400
231.0000 1.040000
232.0000 1.338600
233.0000 1.748400
234.0000 0.846800
235.0000 0.937200
236.0000 1.346800
237.0000 1.065000
238.0000 0.654400
239.0000 1.478000
240.0000 0.999400
241.0000 1.793200
242.0000 1.000600
243.0000 0.746400
244.0000 0.867600
245.0000 0.989400
246.0000 1.397000
247.0000 1.471000
248.0000 1.234800
249.0000 2.002600
250.0000 1.936600
251.0000 2.486200
252.0000 3.010200
253.0000 1.731600
254.0000 1.359800
255.0000 1.215400
256.0000 0.694000
257.0000 0.938800
258.0000 0.885400
259.0000 1.123000
260.0000 0.697200
261.0000 0.694000
262.0000 1.077600
263.0000 1.106200
264.0000 0.731400
265.0000 0.820000
266.0000 1.225000
267.0000 1.329400
268.0000 1.262600
269.0000 1.085000
270.0000 1.315600
271.0000 1.202800
272.0000 1.199800
273.0000 0.994600
274.0000 0.707000
275.0000 0.793000
276.0000 1.106200
277.0000 1.552000
278.0000 2.242800
279.0000 1.650600
280.0000 1.244200
281.0000 0.983800
282.0000 1.041000
283.0000 1.054400
284.0000 1.030600
285.0000 1.276600
286.0000 1.541400
287.0000 1.875200
288.0000 1.087000
289.0000 0.636600
290.0000 0.740600
291.0000 0.717600
292.0000 0.755800
293.0000 1.100600
294.0000 1.086600
295.0000 1.402800
296.0000 1.227000
297.0000 1.299400
298.0000 1.125400
299.0000 0.824200
300.0000 0.871400
301.0000 1.260200
302.0000 0.861000
303.0000 1.361000
304.0000 1.017800
305.0000 0.853600
306.0000 1.162800
307.0000 1.758600
308.0000 1.352200
309.0000 1.321000
310.0000 1.158200
311.0000 1.189800
312.0000 1.684800
313.0000 1.516400
314.0000 1.241600
315.0000 1.506000
316.0000 1.792400
317.0000 2.792800
318.0000 3.200000
319.0000 2.673400
320.0000 2.768000
321.0000 1.778400
322.0000 1.848200
323.0000 1.218600
324.0000 1.296200
325.0000 1.309600
326.0000 1.061400
327.0000 0.832000
328.0000 1.529600
329.0000 1.276400
330.0000 0.893800
331.0000 0.918000
332.0000 1.530800
333.0000 2.442600
334.0000 3.576400
335.0000 3.756200
336.0000 4.256000
337.0000 5.995200
338.0000 6.344400
339.0000 5.036000
340.0000 4.573200
341.0000 3.922200
342.0000 2.948600
343.0000 2.636200
344.0000 2.288600
345.0000 2.692800
346.0000 2.703800
347.0000 1.892200
348.0000 1.790200
349.0000 1.894600
350.0000 1.400600
351.0000 1.608800
352.0000 1.126000
353.0000 1.322200
354.0000 1.601200
355.0000 0.726200
356.0000 0.700200
357.0000 0.914600
358.0000 0.863600
359.0000 0.660400
360.0000 0.629400
361.0000 0.523400
362.0000 0.561400
363.0000 0.528400
364.0000 0.942600
365.0000 0.650800
366.0000 0.748200
367.0000 0.776600
368.0000 1.116400
369.0000 1.105000
370.0000 1.814600
371.0000 2.059200
372.0000 1.455000
373.0000 1.501400
374.0000 1.327400
375.0000 1.795200
376.0000 1.445200
377.0000 1.041400
378.0000 1.489400
379.0000 1.534000
380.0000 1.689000
381.0000 2.143800
382.0000 1.949000
383.0000 2.764400
384.0000 3.078200
385.0000 3.459800
386.0000 4.040400
387.0000 4.256400
388.0000 4.391000
389.0000 3.260000
390.0000 3.065200
391.0000 1.841200
392.0000 1.285000
393.0000 1.469400
394.0000 1.075800
395.0000 1.050200
396.0000 1.481800
397.0000 1.495600
398.0000 3.755400
399.0000 5.269200
400.0000 5.692800
401.0000 6.144400
402.0000 6.671400
403.0000 6.783400
404.0000 7.118800
405.0000 6.877600
406.0000 7.410800
407.0000 6.733400
408.0000 7.387400
409.0000 5.992400
410.0000 6.151600
411.0000 3.879400
412.0000 3.055600
413.0000 2.253600
414.0000 0.964800
415.0000 1.212000
416.0000 0.710400
417.0000 0.625800
418.0000 0.710800
419.0000 0.761600
420.0000 0.983400
421.0000 0.686200
422.0000 0.923400
423.0000 0.594800
424.0000 0.571400
425.0000 0.733000
426.0000 0.974600
427.0000 0.886400
428.0000 0.811200
429.0000 0.797200
430.0000 1.149200
431.0000 2.425000
432.0000 2.915600
433.0000 4.749200
434.0000 6.211000
