2.0000 5.461800
3.0000 3.891800
4.0000 2.227000
5.0000 3.007600
6.0000 3.799400
7.0000 3.657000
8.0000 2.499600
9.0000 1.596600
10.0000 1.442400
11.0000 0.880600
12.0000 0.744800
13.0000 0.805200
14.0000 0.763400
15.0000 0.867800
16.0000 0.607800
17.0000 1.215400
18.0000 1.299800
19.0000 0.676600
20.0000 1.188600
21.0000 1.573800
22.0000 1.660600
23.0000 1.785800
24.0000 1.808600
25.0000 0.897800
26.0000 1.146000
27.0000 1.633800
28.0000 1.061800
29.0000 1.007000
30.0000 0.614800
31.0000 0.651600
32.0000 0.857800
33.0000 0.636800
34.0000 0.705200
35.0000 0.781400
36.0000 0.652200
37.0000 1.052600
38.0000 0.693600
39.0000 0.680600
40.0000 1.689200
41.0000 1.059600
42.0000 1.301400
43.0000 1.113200
44.0000 1.467200
45.0000 1.921000
46.0000 1.929400
47.0000 1.870800
48.0000 1.530200
49.0000 1.425000
50.0000 0.874600
51.0000 1.061200
52.0000 1.898800
53.0000 1.436000
54.0000 1.517400
55.0000 1.320200
56.0000 0.817200
57.0000 1.049600
58.0000 1.294600
59.0000 1.420600
60.0000 1.177600
61.0000 0.876200
62.0000 1.076600
63.0000 1.260400
64.0000 1.147400
65.0000 1.713600
66.0000 1.171800
67.0000 0.900600
68.0000 1.167000
69.0000 1.911800
70.0000 1.319600
71.0000 1.009000
72.0000 1.157000
73.0000 1.118600
74.0000 1.218200
75.0000 1.270400
76.0000 1.391000
77.0000 1.500400
78.0000 1.417000
79.0000 1.335200
80.0000 1.916800
81.0000 1.671200
82.0000 1.575800
83.0000 0.799000
84.0000 0.922200
85.0000 1.070600
86.0000 1.139800
87.0000 1.090400
88.0000 0.873600
89.0000 1.136600
90.0000 0.815600
91.0000 0.764000
92.0000 0.684200
93.0000 0.703200
94.0000 0.969600
95.0000 1.155000
96.0000 1.554200
97.0000 1.706600
98.0000 2.536800
99.0000 2.746000
100.0000 2.918800
101.0000 3.260400
102.0000 2.791800
103.0000 2.114800
104.0000 1.369600
105.0000 0.740600
106.0000 0.662200
107.0000 0.604200
108.0000 0.750600
109.0000 0.523800
110.0000 0.586400
111.0000 0.738200
112.0000 0.901800
113.0000 1.496800
114.0000 2.079000
115.0000 1.305200
116.0000 0.916000
117.0000 0.513800
118.0000 0.798200
119.0000 1.017800
120.0000 0.945400
121.0000 0.978000
122.0000 0.858400
123.0000 1.048800
124.0000 0.639000
125.0000 0.812200
126.0000 0.822800
127.0000 0.639000
128.0000 0.543000
129.0000 0.687800
130.0000 0.873000
131.0000 0.655200
132.0000 0.858800
133.0000 0.766400
134.0000 0.694200
135.0000 1.119400
136.0000 0.879000
137.0000 0.881800
138.0000 0.967400
139.0000 0.834800
140.0000 1.097200
141.0000 0.744000
142.0000 0.567200
143.0000 0.563400
144.0000 0.721200
145.0000 0.471000
146.0000 0.728400
147.0000 0.695400
148.0000 0.705800
149.0000 0.794400
150.0000 0.997200
151.0000 0.661600
152.0000 0.848000
153.0000 0.638000
154.0000 0.721200
155.0000 0.885000
156.0000 1.123000
157.0000 1.403800
158.0000 1.409800
159.0000 1.494200
160.0000 1.639000
161.0000 0.989200
162.0000 1.506800
163.0000 1.072800
164.0000 0.638800
165.0000 0.635600
166.0000 1.389000
167.0000 1.203600
168.0000 0.543200
169.0000 0.916200
170.0000 0.539200
171.0000 0.591800
172.0000 0.500000
173.0000 0.589400
174.0000 0.603800
175.0000 1.048200
176.0000 0.636400
177.0000 0.680000
178.0000 0.868400
179.0000 1.031600
180.0000 0.882400
181.0000 1.116600
182.0000 1.281000
183.0000 1.156200
184.0000 1.433400
185.0000 1.245600
186.0000 1.736200
187.0000 1.047800
188.0000 0.808600
189.0000 1.043800
190.0000 1.378800
191.0000 0.925000
192.0000 0.821200
193.0000 1.491000
194.0000 1.188600
195.0000 1.380800
196.0000 2.113800
197.0000 2.166200
198.0000 1.851600
199.0000 2.055400
200.0000 2.353800
201.0000 1.567200
202.0000 0.926800
203.0000 1.260400
204.0000 0.793400
205.0000 0.939600
206.0000 1.153400
207.0000 0.626200
208.0000 0.585200
209.0000 0.568000
210.0000 0.495000
211.0000 0.706400
212.0000 0.588000
213.0000 0.985200
214.0000 0.632000
215.0000 0.997400
216.0000 0.577200
217.0000 0.955000
218.0000 0.583000
219.0000 0.623600
220.0000 0.747400
221.0000 1.004600
222.0000 0.715800
223.0000 0.846600
224.0000 0.662600
225.0000 0.893600
226.0000 0.783600
227.0000 0.671000
228.0000 0.697800
229.0000 0.787400
230.0000 0.736800
231.0000 1.040800
232.0000 1.325400
233.0000 1.714000
234.0000 0.843800
235.0000 0.933000
236.0000 1.342200
237.0000 1.148200
238.0000 0.713400
239.0000 1.552400
240.0000 1.059200
241.0000 1.838400
242.0000 1.065400
243.0000 0.900600
244.0000 1.080600
245.0000 1.226200
246.0000 2.185000
247.0000 2.911600
248.0000 2.336800
249.0000 3.249600
250.0000 2.875200
251.0000 3.065800
252.0000 4.020200
253.0000 1.915600
254.0000 1.421600
255.0000 1.133400
256.0000 0.757600
257.0000 1.116800
258.0000 1.107000
259.0000 1.359400
260.0000 0.832600
261.0000 0.744000
262.0000 1.087600
263.0000 1.006200
264.0000 0.860200
265.0000 0.873000
266.0000 1.574000
267.0000 1.607800
268.0000 1.363200
269.0000 1.067400
270.0000 1.449800
271.0000 1.381400
272.0000 1.310800
273.0000 1.002400
274.0000 0.700200
275.0000 0.828200
276.0000 1.124000
277.0000 1.529400
278.0000 2.170600
279.0000 1.672200
280.0000 1.290000
281.0000 1.022800
282.0000 1.016400
283.0000 0.946400
284.0000 0.817200
285.0000 1.040000
286.0000 1.444800
287.0000 1.840600
288.0000 1.047800
289.0000 0.639800
290.0000 0.690800
291.0000 0.723000
292.0000 0.658200
293.0000 1.112000
294.0000 0.884800
295.0000 1.457000
296.0000 1.199400
297.0000 1.384000
298.0000 1.324800
299.0000 0.977200
300.0000 0.904800
301.0000 1.168800
302.0000 0.773800
303.0000 1.217400
304.0000 0.870000
305.0000 0.869200
306.0000 1.376800
307.0000 1.843800
308.0000 1.419400
309.0000 1.452400
310.0000 1.246000
311.0000 1.224600
312.0000 1.485200
313.0000 1.249800
314.0000 1.144400
315.0000 1.428400
316.0000 1.549400
317.0000 2.157200
318.0000 2.060800
319.0000 1.771400
320.0000 2.068600
321.0000 1.408800
322.0000 1.544800
323.0000 0.967200
324.0000 1.117600
325.0000 1.267600
326.0000 1.006400
327.0000 0.887600
328.0000 1.340800
329.0000 1.255200
330.0000 0.869600
331.0000 0.898400
332.0000 1.439000
333.0000 1.936200
334.0000 4.000800
335.0000 3.955400
336.0000 4.167200
337.0000 5.702000
338.0000 6.250000
339.0000 4.927400
340.0000 4.125800
341.0000 3.597200
342.0000 3.386800
343.0000 2.907400
344.0000 2.629400
345.0000 2.887000
346.0000 2.679000
347.0000 1.675600
348.0000 1.527200
349.0000 1.659800
350.0000 1.381400
351.0000 1.394400
352.0000 1.184400
353.0000 1.377400
354.0000 1.609800
355.0000 0.765800
356.0000 0.730800
357.0000 0.935400
358.0000 0.957800
359.0000 0.824000
360.0000 0.674400
361.0000 0.540800
362.0000 0.569400
363.0000 0.536800
364.0000 0.952400
365.0000 0.605000
366.0000 0.724600
367.0000 0.749600
368.0000 1.065600
369.0000 1.155600
370.0000 2.154800
371.0000 2.398000
372.0000 1.552400
373.0000 1.548000
374.0000 1.190200
375.0000 1.752200
376.0000 1.404200
377.0000 1.161600
378.0000 1.560600
379.0000 1.530000
380.0000 1.597000
381.0000 2.389200
382.0000 2.578400
383.0000 2.903400
384.0000 4.002200
385.0000 4.719200
386.0000 4.933800
387.0000 5.266800
388.0000 5.034800
389.0000 3.754400
390.0000 3.487000
391.0000 2.104800
392.0000 1.606400
393.0000 1.534200
394.0000 1.260000
395.0000 1.249800
396.0000 1.599400
397.0000 1.484400
398.0000 2.987800
399.0000 4.407800
400.0000 5.628400
401.0000 6.577000
402.0000 6.743600
403.0000 7.249000
404.0000 7.300000
405.0000 7.536600
406.0000 8.324000
407.0000 7.435200
408.0000 7.653000
409.0000 5.739800
410.0000 5.633800
411.0000 3.641000
412.0000 3.124600
413.0000 2.135600
414.0000 0.859200
415.0000 1.202400
416.0000 0.649600
417.0000 0.627600
418.0000 0.644600
419.0000 0.738800
420.0000 0.993400
421.0000 0.690800
422.0000 0.910600
423.0000 0.602800
424.0000 0.570600
425.0000 0.736000
426.0000 1.008000
427.0000 0.889400
428.0000 0.839000
429.0000 0.760600
430.0000 1.085200
431.0000 2.841200
432.0000 3.106400
433.0000 5.478000
434.0000 7.198200
