127.1542
44.5019
44.1989
94.3333
83.2658
84.5845
71.8067
21.5233
90.9575
75.8123
77.0856
106.7375
96.2642
81.0714
51.2279
75.7246
123.2097
72.2975
113.5147
101.5975
83.3612
71.8666
73.8362
76.1150
50.9648
-69.1495
71.4936
75.0308
84.0538
64.9574
92.8254
90.3680
62.4193
88.3537
61.8662
64.6458
82.5578
73.8000
98.3305
67.0838
62.3698
47.8318
66.2773
50.5437
126.2350
64.5798
102.7458
78.4201
58.1021
66.7875
124.4728
68.5448
80.3677
86.5580
90.5240
85.1533
82.4464
98.3414
56.6279
64.1788
76.9968
72.2055
38.3663
75.9099
82.3409
91.1357
54.7681
99.7355
129.5901
47.2123
122.0880
75.3712
97.0254
66.0804
60.3520
62.8040
95.0820
73.3798
127.4961
83.1499
80.6185
56.8757
37.9548
99.4842
85.5550
78.0650
98.4952
56.7619
51.7219
53.4510
85.2413
75.8137
57.8121
83.5550
82.1530
58.2231
75.5322
85.7182
57.6703
68.4329
49.8715
59.7376
94.9797
88.8451
107.0581
58.7220
68.9765
100.4948
55.9147
84.2538
52.7571
55.1849
50.0018
89.0527
102.7342
75.0032
63.9553
181.0214
60.8670
44.8122
63.4375
91.7340
148.1153
117.4032
85.5858
47.8383
45.2484
77.1927
65.7746
75.9103
98.9125
122.2370
69.9252
64.6869
88.1545
76.9873
140.6127
90.2421
84.6451
63.5759
72.9859
85.1243
54.0212
43.5568
83.3910
76.4966
94.7419
75.2995
77.3280
68.1680
98.4955
59.0056
46.7604
75.3749
99.7549
68.3214
97.2697
62.7460
54.6379
86.3367
94.0774
75.6337
68.1045
56.8870
58.8917
72.1997
61.7051
90.3465
75.4194
92.4716
63.8877
80.2088
83.1526
88.0169
77.2369
122.5403
60.4846
90.5730
86.1281
82.4462
56.7532
42.2247
89.6643
82.4228
89.1739
75.4997
53.2239
66.1298
83.9770
81.3950
55.9561
48.1796
61.3706
69.9243
67.5368
43.3573
81.2667
64.3915
40.8316
59.7891
158.0386
64.6240
59.7353
149.1518
74.5717
107.5913
124.8691
88.8343
177.5114
67.2290
79.0595
115.8421
67.1892
44.6056
63.2621
56.4239
50.1935
72.6777
83.6308
79.2494
85.7666
89.4062
91.6582
81.7680
81.6345
-163.4811
40.7427
85.3254
38.4976
98.8606
51.8831
96.0284
104.5024
74.0904
119.5800
75.5948
87.9224
49.7171
59.6146
62.1115
61.3675
89.8052
73.5941
72.4988
57.4327
67.0285
67.1079
90.2289
83.0474
83.7531
70.3736
20.3237
59.9894
51.5853
56.2985
86.7629
30.7518
59.8372
97.4088
156.0239
97.5822
68.9565
81.1869
51.8010
135.8110
74.2207
77.6082
-116.9296
61.8409
102.7908
62.2638
60.4143
47.5475
68.3891
51.1010
125.1941
84.4510
85.2690
46.7858
101.6688
94.5521
78.2844
114.9792
59.9757
148.1199
82.2140
49.2711
74.9059
101.4019
87.3204
155.6840
74.3350
66.3099
70.1743
58.1914
83.7254
85.3775
119.0109
119.3248
105.9234
90.1647
43.3870
69.4729
60.3603
94.9638
77.8644
86.9637
76.9819
91.6316
47.5927
69.6611
98.3931
96.1236
73.2742
124.4136
110.1491
78.4274
73.9510
39.4529
76.5441
65.5055
70.2724
73.3897
85.7471
74.6090
90.3220
84.1440
83.4616
82.7337
85.3854
58.6666
91.3575
67.2747
-156.4726
-155.7280
-111.5968
123.8610
67.0686
71.7911
81.0917
88.9259
69.1918
67.0648
92.8300
64.6910
79.7552
79.4320
87.1821
70.4253
149.1340
61.5618
105.1627
64.3568
69.0154
34.7419
110.6697
110.0988
36.9573
64.8437
66.2022
87.6004
66.8645
112.3806
95.3304
89.2059
87.1670
79.2444
66.8932
91.6177
83.2559
68.3683
57.5292
123.3912
53.8595
83.7020
64.2118
74.4542
75.5917
59.1153
67.0145
93.8093
126.4749
90.5634
62.7851
87.7652
67.5474
73.5615
45.3794
60.3436
43.2567
86.9280
87.9242
60.3491
108.3607
68.0999
91.4803
91.6201
129.6322
64.8302
49.8414
50.6635
65.3917
82.1720
82.2419
68.7009
73.0351
16.0630
63.3812
164.5637
103.2210
51.8612
92.8248
98.7487
83.9125
72.2028
67.9775
52.9663
67.3684
132.0004
79.8469
53.7292
66.2475
16.3710
126.6797
102.0985
60.6650
106.4723
73.0299
68.4520
80.8092
81.4785
55.9055
87.5883
157.8234
82.2136
76.3566
81.7189
123.2505
70.2321
50.1016
79.3892
108.3122
55.4282
68.8467
81.7817
112.2127
74.5221
180.3925
89.7539
132.1167
77.8364
98.9154
59.0147
67.9207
77.3615
82.5315
68.4778
85.6060
65.9885
62.0312
72.4941
73.1713
68.6998
88.4339
95.3885
79.5370
55.6413
89.9951
112.1644
109.2975
45.3376
69.9638
60.7795
98.7204
62.3297
56.2653
61.9357
103.9817
70.4241
87.7089
104.6194
140.1590
149.3612
56.3098
128.6305
68.7365
70.9003
54.9666
88.0907
74.4020
91.7053
85.2803
59.8505
185.6636
85.5885
71.6896
106.8465
57.3849
72.1074
37.7825
68.5641
81.2597
68.8124
85.1400
136.0565
147.2163
85.8142
35.1158
58.2472
75.9292
64.1634
109.1621
74.5869
108.2859
49.8957
67.0692
75.1361
142.4616
99.5143
83.9062
106.1209
75.1088
151.0468
78.8488
79.3606
89.9837
110.1796
89.1342
73.8506
52.0096
86.9918
64.4210
94.3105
2.4773
97.9068
135.1868
57.5671
71.0993
100.3585
57.5233
65.2494
169.2870
77.5061
102.6965
49.8432
56.4187
58.4518
122.8139
80.1319
97.9236
60.7894
66.3534
69.5849
71.8301
-161.5236
63.5952
108.6024
93.5985
75.8363
63.3682
70.9137
76.4604
71.8236
75.2870
135.5003
92.3866
95.4523
82.5896
122.4817
101.0551
76.6630
55.7333
60.9117
76.8118
64.4874
67.2385
52.5400
69.4229
75.5272
106.9150
61.6193
86.9197
109.9452
108.8173
67.5897
85.5348
68.6156
73.6283
70.7573
88.4899
90.4647
107.7359
62.2083
64.0750
82.2722
98.0112
48.5572
80.3238
71.3697
63.8026
54.0669
70.1613
54.4880
62.8583
84.0767
55.1115
86.5867
52.4247
100.4797
63.5710
71.9254
63.8255
66.3063
36.8550
61.1846
114.8154
69.5846
77.5561
100.4037
77.9460
86.8726
64.4310
41.5398
50.5188
42.2886
66.9293
60.9163
64.4934
105.6822
70.9761
66.5951
83.1798
106.2851
32.2748
85.0989
116.3820
87.1604
37.8653
67.9942
84.7584
67.3395
62.7918
-124.5199
76.6666
-137.8377
52.0666
59.5831
76.1902
87.8624
92.2914
68.7570
76.9389
93.3507
131.1457
80.9289
47.0971
87.9558
84.5844
69.7189
81.5969
65.2604
96.7935
59.9344
62.0663
86.5735
46.1495
113.9130
181.9306
104.3425
56.6140
100.5698
68.8115
67.7889
81.0605
75.1616
103.8566
85.2735
92.8890
129.5574
73.3492
66.3737
83.7917
59.5483
62.6741
74.0406
84.4764
85.2625
89.3795
78.7773
40.9640
63.6390
61.3521
97.5622
91.4283
124.0989
87.9190
102.6383
66.7285
89.1142
160.2898
71.6229
72.5271
56.5963
52.4730
61.6100
64.7212
86.2314
149.6451
68.4610
84.5242
86.8584
67.2578
68.7509
44.0607
66.8632
133.5605
69.0871
80.0604
74.3953
80.4617
49.5912
75.9659
70.3373
99.4480
73.9541
84.3291
85.9457
139.3292
54.0309
92.3985
73.0961
69.6701
93.1666
89.6226
60.6799
100.4053
100.6662
87.2889
80.5550
77.1207
67.6314
120.6601
65.3999
66.3070
42.4387
79.7774
87.7496
44.9401
98.2541
48.6351
66.3235
61.7700
65.0436
73.3851
100.3544
144.5835
87.1319
64.3053
74.5677
113.2229
64.4118
53.8319
36.8374
60.4732
89.3801
70.7233
67.4336
87.5627
71.4034
69.5946
98.9467
74.0786
68.0484
51.7870
68.3256
56.4627
71.2949
81.2796
64.1568
67.4596
74.2609
119.7135
74.2706
47.3503
89.6782
62.0131
49.9250
59.7594
105.6787
71.2293
92.8394
56.0985
119.5105
97.9661
56.1688
83.3490
106.8045
75.9279
104.7892
84.7262
150.3998
52.9155
71.5312
85.3720
76.7524
-158.3748
91.4215
116.7339
63.5030
85.8255
61.9407
89.7289
89.3267
80.9427
135.5479
68.7654
113.8579
63.0170
58.3758
96.9893
68.1824
55.0416
92.4532
54.2480
60.5514
77.9389
146.6716
106.7738
93.9646
75.3544
127.1181
80.2946
62.2247
76.2993
80.6875
60.7544
7.4591
172.9781
65.4361
69.9420
142.7248
116.2627
63.5655
65.1548
95.2988
67.5633
77.1063
57.8445
-145.2686
90.0157
52.4931
85.4656
108.3829
42.9594
57.5225
77.9576
107.2718
64.9023
83.0377
52.0432
59.9983
109.1088
65.0949
117.9576
59.4130
55.9337
68.0750
133.3352
44.7802
73.8087
63.3925
77.5366
118.1734
85.0885
68.8029
93.4111
110.0769
65.9438
70.7895
85.7553
68.4565
56.0842
-158.6745
65.6193
55.6327
73.5600
99.1955
105.7917
80.8268
66.8114
51.7096
77.8073
79.1799
67.9818
82.9562
29.8541
86.1136
100.2096
131.4794
56.2791
134.7255
78.9758
76.1665
78.4170
84.3328
106.3243
64.7165
71.3365
101.5787
50.7576
55.9558
61.6646
59.3042
80.0500
81.9460
74.6718
49.4338
76.0464
67.0628
51.4777
50.7667
65.5695
64.3879
90.2274
75.0393
102.4793
150.8209
-172.9723
63.2556
59.9808
63.0806
64.3048
67.5866
60.2076
87.6276
63.1604
64.7674
131.6527
73.8797
66.6075
50.9366
79.8675
106.3980
80.1071
62.1955
38.2465
59.5486
63.3638
88.1341
138.1213
110.7043
87.3277
119.9613
82.5869
57.5584
101.6948
71.8575
138.3294
90.7075
74.9771
109.1245
122.1256
47.3008
91.1495
90.6390
112.6367
91.3931
80.5996
103.0194
73.2113
64.5253
79.5868
59.0439
46.2322
82.7346
101.2677
64.2364
52.1486
100.9603
90.8973
80.7225
79.5156
74.7047
78.5546
24.6214
67.2877
67.3730
64.2863
57.1042
35.2756
65.6923
57.7510
127.2153
50.3051
84.0321
100.1980
77.0059
80.3950
74.7026
59.6912
34.5062
77.7668
56.0365
118.0811
51.9257
86.3530
122.4127
87.7513
64.9582
75.1267
105.9535
64.4123
78.1611
88.0490
170.9505
75.2149
72.6488
85.9326
72.8247
55.4551
81.8738
80.0371
-165.3936
64.5289
87.4898
48.5581
62.7452
116.4427
56.5003
53.3113
74.3126
108.6626
64.8531
81.0362
94.4572
64.2941
84.6547
157.3578
56.8854
64.5624
60.0553
66.2650
37.2798
66.8879
62.8213
67.3847
101.7733
71.1587
60.4329
78.9171
78.3700
83.6313
97.5840
86.4118
114.0703
56.1751
76.6842
91.7416
90.3022
82.5496
72.9943
-172.7487
79.3141
79.4145
64.8562
136.2134
74.9037
66.1857
79.8800
59.9967
123.7373
66.4624
96.4546
79.0859
27.0933
101.8147
68.2400
95.1945
73.9381
57.0573
54.5019
75.5418
70.8508
86.0614
86.0990
134.5731
50.6830
68.8491
89.8156
106.2840
77.9706
71.6428
144.3900
133.3090
73.2355
62.9268
55.3730
73.5581
39.0705
49.1590
61.8461
92.0432
91.1548
73.4799
82.9089
60.4783
101.6333
140.6701
75.1607
85.5205
57.7148
97.7167
96.1981
95.9624
113.6273
110.7134
87.5236
76.2970
95.6961
60.6493
83.9795
64.4123
68.3488
84.3532
83.8602
65.3387
80.5715
91.9122
98.3790
99.7716
69.0373
98.7403
70.3516
70.6863
94.1733
76.0974
109.3379
6.3947
77.1550
84.4113
68.6551
71.3391
81.1627
73.0317
138.8640
-58.8695
83.6125
77.3643
77.9821
111.0331
121.7832
42.1132
128.1860
58.4381
57.8432
52.3124
109.0790
161.3957
68.5142
81.5468
78.8375
91.5840
89.8857
56.7150
136.2269
152.9535
70.3122
92.8009
93.7724
67.3316
123.3514
83.9754
69.0223
104.1645
60.5519
121.9148
71.0962
19.4922
64.3212
50.3474
87.0424
43.7039
122.3124
104.3676
160.8795
64.3563
60.0719
51.0445
81.2986
89.4379
98.9279
87.8489
103.4043
93.3193
83.2797
73.7762
87.8507
7.2761
77.3470
78.8704
85.0980
75.9670
155.0642
109.1454
86.7255
65.0423
60.4580
103.0096
175.4478
110.8685
76.0697
61.7567
48.8979
94.8566
82.5382
113.6896
103.2759
41.2367
83.2248
15.9213
55.7041
124.1910
158.0466
86.9242
69.2523
104.2819
54.1264
53.4994
49.7023
118.6692
68.5973
70.5413
98.3867
79.0566
83.4197
111.1110
69.6197
84.8565
87.4247
58.6939
95.9704
103.7021
93.2240
59.2305
58.1807
139.0513
118.3130
71.0985
82.8312
61.2573
88.0364
74.8258
50.8884
70.6367
68.6586
99.5662
70.2527
81.1591
69.2130
50.2840
73.3999
65.8671
94.5344
66.4829
73.7096
85.9057
88.7200
86.7927
67.1843
61.9009
53.3624
61.7525
84.9397
52.6812
88.8613
69.2903
100.3642
61.4202
73.9600
61.7941
75.1353
154.0905
106.4583
58.2490
91.0337
85.9137
45.5123
84.8983
67.7307
58.8438
-159.9402
71.4490
53.0673
68.2165
-156.0769
54.4798
56.7407
70.5582
54.7447
153.2545
93.4235
123.6243
74.2254
83.1517
81.1108
66.3165
67.2434
67.5095
68.4527
81.0883
67.0479
58.5627
75.6243
66.2784
66.7587
106.5709
77.9808
54.0055
62.5460
79.0152
82.2125
99.3914
27.6390
52.0605
80.5469
107.3320
114.2701
53.1726
71.0709
130.5269
73.5043
68.2761
47.8835
98.8434
49.3917
100.8873
39.1565
71.1952
55.4220
81.7626
99.3674
167.2009
135.1432
63.5835
67.0065
133.0609
72.2484
98.4547
47.3229
80.7108
95.0022
130.2264
85.0390
91.0424
185.1083
51.6558
121.6857
65.1639
147.3472
100.8168
60.5427
59.4643
60.3666
75.4225
69.6990
75.3926
53.0495
115.4315
66.4824
88.2176
71.8108
87.0633
85.3444
73.3687
71.9330
88.0908
86.4407
83.9291
85.1305
71.5447
100.6026
46.0759
90.5704
60.1187
48.5594
125.4603
69.7782
109.3503
67.2252
75.8529
92.3677
-50.9364
70.1204
79.1987
74.1043
67.5405
105.1328
80.9981
90.4133
103.0461
141.5378
100.2322
142.7322
35.0313
96.3334
85.5050
91.7272
89.4306
125.3410
74.2129
111.3512
97.2424
115.0567
92.8951
111.0594
76.2574
77.0083
53.3464
97.3427
82.4546
79.0079
102.9303
85.1093
86.6796
116.7928
67.3849
62.5876
49.4038
102.8627
61.8815
70.7561
69.5128
50.3480
118.1382
80.5458
84.8916
92.9196
38.0161
78.9300
91.6219
96.0790
134.0854
137.0130
50.5993
88.3145
119.2684
80.6734
41.8698
100.8234
104.1294
76.1387
86.5299
136.4511
84.2462
80.9024
89.1615
53.0965
89.9843
63.2930
118.9376
97.8806
87.8319
112.2696
81.0455
40.6522
76.1799
83.0183
59.4962
74.5798
88.1804
105.6491
142.9456
51.3556
77.8381
-158.3803
95.0427
68.0027
85.9087
98.3094
82.9335
43.9218
104.9102
80.8713
71.9222
77.1453
74.8320
68.9149
62.4513
97.8701
72.7646
79.7548
83.8371
87.6595
81.8292
35.3036
123.4191
53.8332
81.2777
116.6052
73.3707
76.5182
76.5216
54.9016
113.3366
94.7570
63.9237
68.2762
63.0513
169.1598
85.4924
120.8079
62.2416
62.3480
66.4232
121.6408
51.2343
61.2292
88.8892
69.6972
141.8746
104.9374
92.9943
149.0295
71.0256
38.4580
104.9904
-155.1502
77.0138
71.4078
68.1310
77.9738
73.2334
64.9410
78.6323
129.2527
127.4421
83.5582
157.5085
115.8485
79.1740
61.3026
74.4464
77.2009
52.7451
72.0087
105.3096
55.1314
91.3158
84.8446
89.3453
66.4812
126.3542
118.1440
18.7478
100.0805
81.3684
87.3675
64.5148
80.3236
117.5212
93.6629
127.8079
54.8645
86.2553
70.6605
110.9206
56.4095
87.5149
99.0765
53.3116
42.7033
107.6076
95.7591
98.1614
66.5677
132.1744
82.8281
64.5953
84.7252
88.1844
85.9105
58.9416
149.8293
75.5296
36.8020
66.7216
131.9526
35.9081
87.5250
128.2393
166.3090
65.3186
121.4565
74.5660
68.7946
75.7581
61.0800
70.3868
57.2275
72.6792
93.8193
82.2526
73.7293
72.5263
100.3365
80.9623
78.6475
89.9178
57.9990
113.2009
67.4816
57.9440
60.2250
146.0966
138.4038
107.8700
77.3925
93.0669
49.7249
59.3489
88.0809
-171.2140
82.1200
164.7390
57.2219
144.7581
26.8026
58.9828
51.4846
109.8272
53.0286
149.0833
93.1011
92.6138
91.5956
46.7274
136.5505
139.7950
102.3719
78.7955
49.3774
83.4955
52.1649
170.2026
104.8246
99.8596
82.1787
71.9547
55.3054
67.3508
60.0659
93.2319
90.1181
111.4141
102.6321
94.7454
71.0643
64.8681
76.1525
89.4819
104.8100
82.9860
74.9329
56.1966
48.3358
103.3431
59.3308
51.2691
117.1219
73.0483
74.5932
56.1302
67.7329
79.5013
136.3841
26.9476
90.0560
46.5339
82.0492
65.6512
130.0592
93.3705
112.0145
62.5672
68.1613
95.2562
59.3760
100.4464
42.1838
75.7731
61.9663
67.9896
92.2261
76.8844
79.9426
81.3741
149.3093
89.7574
73.7066
82.4012
49.7001
48.5993
76.9290
78.0904
84.1782
80.8637
93.0703
83.0748
69.0953
73.2575
95.6645
66.1693
85.7717
64.4948
55.3296
79.4030
78.7487
76.7824
57.4361
137.2224
90.9157
63.6717
84.5515
78.3425
72.0381
86.2996
44.8855
79.4961
125.7337
87.2856
95.3265
17.9790
62.6913
113.4794
61.7492
78.3777
94.4984
41.8270
86.9725
76.7863
62.6307
73.1708
62.9352
95.8433
89.6173
120.7663
73.5704
95.0666
115.5815
54.6861
45.7243
81.8606
113.7290
82.8168
61.7678
76.4466
106.6057
70.8515
82.6509
57.3330
63.2562
160.8658
94.8055
109.6240
170.1307
81.1735
50.6413
68.9978
64.7331
67.7149
52.8961
68.1683
53.1067
84.6013
112.8508
70.8902
83.9852
91.8032
96.8205
146.6202
74.8847
62.0680
68.4148
71.6412
81.8207
54.0722
62.6322
71.8638
77.2166
91.9313
100.3253
70.7515
98.0426
97.2901
90.7778
-162.8232
101.1847
64.9808
104.3273
62.8020
87.2565
89.9646
68.8905
84.4340
163.6401
98.1751
85.5322
72.3227
124.1508
66.2387
72.5067
118.6773
67.4176
92.6091
62.1569
101.0703
56.1458
56.1324
-132.0400
73.4260
54.4895
69.2279
72.1585
48.3020
82.3411
42.4297
88.1700
94.8838
69.2005
62.9592
73.7696
68.2343
68.0082
71.8114
59.2704
44.9895
112.5072
69.3467
78.0862
138.9343
104.0351
80.3095
98.2208
76.0126
77.1237
94.6647
82.6382
74.4988
92.0020
63.1131
73.9376
93.8696
147.6979
71.6905
76.8328
103.1687
80.4065
68.3489
61.8165
44.8781
54.6705
71.5882
89.9090
72.5687
70.1855
80.9181
64.5504
55.0933
47.1946
38.4842
70.2999
65.8571
66.9481
117.6767
51.3185
108.6927
54.0584
85.4566
60.5827
80.6615
89.7947
71.2831
81.5394
70.9321
89.4654
61.3818
-109.1016
36.8287
84.6625
72.7415
85.6293
79.8901
68.4234
82.7513
76.7787
53.3788
94.0082
84.9525
169.7161
77.9670
57.4547
122.5747
65.2441
55.8645
59.8036
38.6762
130.4613
142.6403
90.0925
81.0007
104.9311
104.0957
45.4390
71.0423
79.1100
61.0645
87.1650
58.8848
74.9628
95.6405
94.5937
84.9729
66.2066
50.6212
68.8655
68.7425
50.5466
-133.8724
-53.2737
61.9790
149.3321
62.0238
72.9518
72.5787
7.5013
147.5349
106.9018
54.3193
75.2095
96.6459
52.2458
69.4009
75.5756
66.5907
58.0830
85.0762
77.0305
53.3338
130.1196
55.7471
145.1610
59.4062
175.9958
48.8333
120.6107
83.2625
81.4331
75.0998
95.9695
82.5338
75.7724
60.5636
59.0329
101.9504
89.8375
102.0686
69.5367
61.6183
65.0144
82.5988
82.2523
84.5949
72.0131
75.2018
51.9704
65.8883
124.4608
102.1358
82.2536
77.1813
110.0831
59.8542
-147.2227
75.7712
76.8101
69.2942
104.1044
99.9277
62.8390
76.7741
54.8232
15.7394
74.3864
56.2605
107.7962
42.0835
71.5071
90.8095
87.0570
79.0280
118.2420
100.7956
132.8632
126.1980
82.1671
75.5482
75.3139
95.1585
73.1417
87.2406
62.4013
63.5672
61.8928
54.2438
59.7768
-11.0867
156.3495
85.7874
102.4883
93.0201
119.9088
70.0013
81.2693
80.3067
26.4762
67.8856
79.0563
87.6764
41.4295
63.3017
74.9432
86.7148
63.1411
57.7526
63.1928
87.0695
75.4344
100.0283
65.0273
54.6375
79.6803
71.9888
42.9070
101.2157
55.7550
2.5259
76.0122
95.1158
42.6901
52.7413
58.4254
93.9819
51.6762
55.0325
77.5224
69.1535
84.2304
87.2202
14.2304
137.8428
106.0482
82.3908
132.5470
74.4913
82.6218
89.6739
77.0978
72.7443
85.5019
64.8178
90.9307
58.5433
93.4662
86.2368
84.0496
92.8163
68.9101
81.0891
89.4252
61.5437
115.8716
70.8032
75.3022
64.2452
69.8731
86.8272
80.6318
97.6978
107.0915
129.7075
99.6865
72.3741
68.8778
91.7031
71.9553
68.8784
94.3603
62.2260
100.4770
118.1242
97.9318
-147.7531
96.7687
89.9654
81.5984
119.5109
65.8139
131.0678
54.1062
86.1246
75.4818
91.3104
54.4425
116.5848
76.1595
72.0869
77.0392
75.6002
73.3559
60.3623
79.8393
99.8816
79.6497
153.9428
73.8887
81.8914
41.5952
78.6161
79.5012
117.8069
62.5070
41.4655
-154.1440
53.1297
73.5692
130.1696
56.8800
114.6746
54.3443
58.8500
95.2777
84.7210
76.7675
124.1654
66.9509
107.9025
119.9194
38.6574
78.9426
96.3536
86.1002
69.3942
63.6991
171.5329
98.6057
55.5818
86.8823
85.1029
75.0848
63.7258
67.5087
83.5152
55.8194
45.4162
53.8235
30.7675
92.2160
68.0883
59.4645
48.0762
108.1173
33.6840
55.4314
78.8809
65.6244
111.8248
134.3541
57.3472
63.7951
55.8603
51.6605
57.8580
85.9044
78.4208
58.9162
61.4281
50.2911
55.5336
101.3153
91.4208
104.6304
138.0602
59.7060
76.6138
109.5567
109.1129
69.1218
103.6853
73.9726
99.4752
134.3467
77.9165
103.8745
64.5383
100.0360
56.8095
58.7812
99.8574
36.9370
68.9527
63.6685
72.9817
89.5133
90.0764
72.8389
48.3229
80.8533
40.4398
70.3873
69.1551
91.8015
99.3354
98.1279
81.7629
67.9723
92.7660
47.9482
78.6220
49.1196
89.3101
103.9249
-175.5260
115.0953
89.7761
107.0075
79.2045
67.7566
81.9794
58.6189
97.3822
82.8297
84.7258
111.6992
80.7766
66.4526
75.4209
156.7339
69.0604
62.1502
84.6850
78.0887
37.2142
69.6662
73.7014
65.7238
98.2569
122.9298
34.5611
103.2353
72.9051
47.0677
66.9507
125.8263
134.6384
41.1464
117.9470
72.1790
97.7997
129.3208
73.4206
60.3118
82.2115
74.7651
92.6380
101.1196
75.5859
88.8219
141.1053
111.6875
105.2444
116.3093
76.3545
59.8671
72.2497
64.9707
130.2393
64.6532
105.8971
145.6916
70.3569
67.3572
74.2353
85.9673
92.7913
51.3759
74.8523
-148.3173
81.9004
105.2925
73.5472
110.0951
49.8579
95.6431
161.0427
51.3861
75.8928
62.2563
141.1739
62.2055
44.9282
77.4028
105.2857
97.9152
58.8676
77.2485
77.4090
94.5766
78.2914
38.0614
113.6029
65.1243
-58.2654
63.5459
16.9716
80.2925
66.2605
136.6061
114.4546
74.0548
82.7867
76.8236
68.4753
53.7374
80.3863
42.7775
75.8572
99.9791
90.7268
54.0015
86.0504
50.4207
128.6368
76.4525
59.3021
40.7346
49.2804
62.7433
73.8238
95.1574
-117.7233
77.2759
65.3560
42.3125
116.1321
75.3301
109.3666
65.1530
53.8758
59.4287
77.6276
-153.4699
76.1191
96.3799
56.1389
85.9619
68.8488
70.3814
68.7211
95.3092
82.0095
79.1022
79.7494
77.4518
54.2322
93.0254
60.7386
112.3904
66.2495
65.4464
92.6274
51.6118
51.9918
63.1853
70.9065
61.9295
17.4484
58.5593
124.8185
67.3558
66.9584
-162.8152
48.3302
111.3573
77.3489
-156.7061
119.4976
63.1418
46.8572
51.0471
47.2676
48.0201
144.0112
72.4298
60.5556
49.5762
68.0610
90.0278
126.0102
73.6140
74.1028
80.3278
67.2008
52.1930
74.1222
108.8198
118.3974
91.6385
76.8871
56.8281
122.2033
104.1387
56.0557
122.3210
52.9305
84.7186
84.0811
61.9911
155.8782
87.8073
111.8453
90.6491
128.6198
53.8658
90.5837
66.3203
30.9431
51.3064
114.3521
81.9296
71.0235
60.2806
54.8371
69.5470
139.6040
53.4734
100.6113
69.8596
45.4436
44.4746
50.8923
98.4432
95.8550
94.1733
87.0152
75.4636
64.8734
78.6516
94.0687
72.6394
78.8589
-170.2745
53.6196
87.7575
87.3869
68.7866
46.7551
71.1674
101.3254
67.5530
84.2846
87.0160
67.4840
32.0210
70.1639
70.6027
90.8200
46.1072
63.6658
99.8252
68.8726
96.1281
71.4392
68.6724
-56.8123
50.7968
74.0461
84.8786
87.3747
91.8752
24.9218
60.5308
87.2353
85.8852
58.5404
74.7739
92.7006
51.2280
87.5737
91.6740
74.8516
85.9543
-156.9383
137.7988
181.3520
62.4924
86.0133
72.0772
47.5888
96.7953
94.4094
68.1121
79.3459
68.1089
80.2138
150.4233
84.3909
73.3994
121.5694
74.2466
86.7393
69.6455
81.4518
64.4314
92.8762
80.7961
86.4771
78.1332
82.9897
62.0699
137.4454
70.6770
118.6517
77.6955
56.8936
77.2267
62.4576
74.3462
74.8271
74.0838
64.2652
84.0849
64.3921
37.5757
77.3737
62.1175
14.8823
67.8563
37.3004
106.0764
98.2066
100.6083
64.2815
-108.3968
82.3072
111.1724
60.3765
78.2305
75.3864
88.1545
55.2073
64.3229
121.8546
77.0081
106.9973
12.1215
61.8892
52.0697
86.8291
59.9070
69.0121
56.1258
79.3754
91.8746
70.8799
141.7983
100.1229
57.5670
141.3901
65.5376
56.3098
72.4511
86.3436
146.3898
91.0179
93.6387
79.6308
90.8426
71.9977
72.5633
76.3307
62.4435
64.0310
65.2576
90.9089
68.2843
53.1215
74.4102
76.8763
70.5503
46.0157
96.3830
63.7442
63.3903
61.7229
62.9648
70.3225
143.4082
37.9936
73.9619
70.9784
75.8063
119.6761
85.1390
57.3171
121.6506
139.1863
66.6052
94.2935
91.8199
76.5921
84.6537
90.1860
78.9317
83.0960
12.6199
87.9714
61.4539
98.4018
61.0002
67.7291
55.1393
51.9354
108.7055
81.8523
80.3633
72.9956
45.2527
66.2601
123.8502
100.2226
72.8689
75.4886
26.9844
63.5378
77.9878
84.4668
78.1501
59.8040
67.6146
97.8192
85.4414
85.8789
60.5459
148.2710
88.4276
75.7021
82.8856
61.7265
85.7068
82.5857
101.1205
77.6496
87.2552
68.8536
120.1386
68.9964
81.7932
116.5311
71.7983
66.5315
-174.3675
80.3348
87.9244
79.7010
91.3826
118.7847
76.0984
158.8945
66.6037
87.9652
72.3816
58.3187
64.9780
116.1052
-176.4923
65.2434
63.6010
57.4327
74.6600
39.1013
89.3891
76.8880
73.3996
108.5183
-158.1764
40.0222
129.3287
60.4199
125.1113
64.1959
77.8402
101.4952
112.2567
84.8582
88.3861
92.3973
183.9587
71.6601
71.3819
66.7416
79.0872
75.5625
54.5278
82.3454
99.8507
91.0370
80.2320
74.2487
104.4939
144.6392
49.8915
104.2962
93.9937
123.9863
85.5558
63.1274
73.6550
75.7420
130.9577
90.4785
65.8669
92.8970
60.9652
52.7270
94.1402
83.5521
96.1930
86.8435
61.6543
58.3349
70.1582
58.8813
158.1712
74.3498
118.5513
74.9877
65.2388
110.3526
83.6365
62.3856
91.3393
104.7804
114.2964
64.1585
56.9470
78.2250
69.4456
31.2356
93.0058
75.9349
66.9333
100.6487
66.5637
49.8467
72.7577
83.9120
-139.3867
66.3719
74.4627
58.4652
62.1726
50.5063
87.1823
58.9110
75.6652
77.6177
59.0148
78.8219
77.1111
56.2391
66.5595
72.7040
113.1234
53.7908
58.8359
176.6013
92.5938
76.4609
58.2905
56.3812
-156.7609
78.4809
91.2534
88.6069
100.3874
76.7794
65.9429
67.2961
140.4728
84.4187
75.5927
68.2742
48.6868
108.1971
70.4101
97.6960
109.5214
70.4156
85.1301
83.5856
71.2232
66.7986
99.2280
75.0532
156.0738
143.2511
86.9987
80.0220
69.0260
142.5530
76.8924
82.5414
70.9034
80.3971
116.0647
69.9508
107.9543
51.8065
21.8311
85.1277
-77.1729
84.8605
49.3574
126.1879
63.7074
56.4557
50.1160
81.6929
123.4625
56.2026
90.7232
122.5642
-153.9355
56.6239
89.4750
81.7361
84.0528
82.9721
78.3209
41.3675
54.8105
81.2081
101.2858
48.9628
77.3740
68.9845
63.2091
77.0704
51.8539
58.8554
95.5613
68.5413
86.4047
62.7364
84.2309
98.9430
105.1270
60.1064
78.9597
-179.6508
63.0744
76.5311
148.2970
67.2249
34.6803
116.2076
68.2619
58.1132
55.8423
72.5226
80.7039
73.7246
123.7948
111.7623
47.8264
103.9942
85.9749
56.2938
85.4221
68.6774
84.3283
65.1343
77.6458
70.4767
70.3894
73.9942
72.1999
75.9370
84.5328
85.3273
102.5948
54.7694
124.8407
-173.2509
89.9877
75.1036
86.4033
89.0660
68.5967
79.2834
77.8324
89.0078
125.9815
88.8515
70.8085
122.7114
77.9907
82.6167
107.3070
81.9377
77.4226
68.0944
96.1293
55.2656
80.5060
106.1478
69.3937
86.3637
65.0260
66.2475
63.9207
83.3376
65.6270
58.8255
94.3447
63.8896
92.2685
78.7901
110.3309
66.2395
86.1731
55.6794
48.3990
79.3015
87.9469
71.2945
75.4067
42.5514
60.0555
82.0604
84.2512
64.1870
68.9608
85.0719
63.4892
80.1286
51.5093
92.7634
95.2023
77.3839
69.5949
74.9395
104.8909
108.6185
77.1102
60.1065
52.5618
75.1195
73.7155
85.1411
80.4750
60.9770
67.4587
89.3813
90.2115
80.3626
79.5265
65.6968
86.5383
51.6835
118.2543
106.4997
54.5580
110.1616
49.6314
38.6748
66.6455
114.3302
77.7502
98.9806
122.8925
111.3096
63.8667
114.5698
127.3676
71.5710
73.5272
82.9643
79.0157
77.9920
78.2688
76.7743
103.4288
69.7236
78.3943
84.0301
103.1495
64.1398
81.0985
142.6419
52.3197
67.1760
59.7564
41.9431
76.9917
117.4589
93.9996
105.6488
68.9037
158.2505
80.1664
110.5115
72.5390
86.0259
91.4290
55.7834
79.4515
55.2526
73.8714
42.5556
63.9833
80.1166
54.0727
54.3811
59.4452
110.9207
46.4017
49.2108
75.3505
59.2158
88.9051
82.7745
51.5792
160.1887
70.9177
68.8844
87.7684
82.3363
81.7170
79.2640
45.2365
53.0515
91.9950
87.5129
85.9436
159.9512
69.8301
93.4604
93.8534
64.4820
53.8600
62.6619
81.3113
63.3258
56.7884
55.0222
57.8714
70.1742
57.3101
137.0563
18.5023
67.2870
87.3079
77.8670
80.5222
83.5866
30.7932
74.1337
64.9955
59.9870
152.0215
72.8942
45.7248
60.8023
95.9794
81.7320
86.3479
143.7321
60.4690
64.2001
81.2304
87.2131
56.4327
80.7139
132.8204
63.9635
82.5160
90.3544
88.2160
80.7095
85.0672
64.0032
66.4233
54.5633
143.8002
45.1892
143.7873
93.1652
81.2537
48.2949
59.5860
88.5665
73.6953
62.0874
65.5049
60.9169
64.1057
91.5439
107.2920
89.4270
65.8346
112.3481
57.8878
60.7440
90.3932
70.7536
29.0847
53.8263
58.8994
118.3619
137.6421
100.0359
88.9489
90.4828
40.9361
69.9126
59.7565
78.3082
98.2213
96.0429
87.9578
62.4570
65.1021
131.9022
79.2349
76.5086
129.7063
95.8204
60.9221
67.9293
51.8843
92.4979
107.7548
87.0486
98.1886
22.3400
108.0513
58.3498
94.1184
108.1353
88.7151
56.8290
43.9833
91.3181
68.4164
161.0771
47.0658
149.2323
-161.4117
78.7048
113.0704
80.8933
42.9956
86.7014
106.4613
-157.3003
76.7652
72.1968
83.5490
113.7644
74.1803
89.2877
93.3059
57.2302
91.9251
80.6778
107.3443
76.6295
118.5956
72.8251
131.7592
162.9278
82.7116
45.9733
90.1141
116.2878
134.8049
51.5696
69.1585
63.7887
66.8231
115.6200
92.5715
89.5314
66.9974
92.4358
90.4770
87.8649
117.4580
122.5643
66.0100
85.0799
95.5527
87.3082
97.4135
91.2525
90.8933
132.0625
50.3552
89.8882
80.9566
66.4206
68.6923
75.4200
67.4548
46.5968
-142.8662
55.3832
64.3849
58.1487
97.3931
103.1485
80.5732
73.2171
65.7597
77.9851
86.7942
66.3198
42.4862
114.5285
61.8969
74.7115
124.1669
89.2517
73.1628
78.2218
84.9604
106.1456
103.4051
68.4718
72.3456
71.8355
132.5234
145.3047
92.5693
145.2540
63.2780
92.4075
64.2278
80.8385
63.5523
58.5262
74.2364
60.6736
76.4003
100.4936
83.2327
66.1869
73.6656
103.6638
61.1835
91.4522
68.9766
91.1249
127.3888
185.5319
130.3040
73.0047
85.2521
67.5664
81.1155
121.4297
98.3066
62.4913
111.3236
23.7374
60.1009
60.0712
-163.8677
49.5423
82.2149
50.1042
72.3692
81.7146
95.6636
61.7363
100.1506
184.3924
71.9085
53.1161
88.4456
76.0836
80.8589
73.5693
90.3319
57.0633
81.3019
77.2382
67.3282
73.3352
84.0630
66.1430
125.2095
66.5672
149.7443
62.9257
58.0645
74.4487
68.2308
36.8764
71.8967
62.1015
-172.2710
89.8845
-166.5197
67.1894
47.8894
2.5330
63.9643
84.3620
63.6886
83.3545
158.7939
51.1656
81.3501
124.2092
102.8238
66.0063
96.6979
72.9352
46.7539
112.3106
94.5998
72.1518
88.5426
93.4466
92.2770
87.2179
87.2539
43.0335
101.9113
102.8010
70.2397
50.1664
121.2866
76.5057
105.1535
106.5991
61.2517
56.7306
55.2856
112.7801
68.2448
75.4653
38.8115
91.1101
79.7535
114.8738
94.1025
92.1209
45.9162
92.6606
75.9696
96.7542
73.3634
79.9519
60.7070
83.0625
129.0301
88.3855
88.0309
77.3495
63.6717
80.0575
82.7157
54.5790
76.9891
101.0912
51.6544
85.9553
79.3679
83.1649
75.5749
60.0414
76.4862
64.1294
96.2969
103.2833
64.6709
95.0908
55.4427
159.1602
157.0584
75.3951
-161.4784
101.2846
76.3042
55.1324
65.3960
72.3122
105.1160
142.8742
85.9846
77.0868
137.2808
89.5036
128.8292
126.6808
71.6232
81.5564
67.8881
49.8660
68.5256
72.1719
59.7975
-59.8766
75.6662
91.6350
90.3743
52.7743
97.9549
59.8894
49.5516
73.0308
109.3734
109.1081
68.3665
97.3619
57.5002
110.9884
75.1218
70.6876
92.6107
94.7731
55.8174
73.2881
146.7272
70.7534
74.2197
74.4705
75.5435
57.8331
88.8567
77.6820
46.9172
65.1851
86.7776
78.3080
72.5483
52.4479
5.0383
87.9198
114.2897
75.8027
93.8097
50.8572
47.7514
116.8352
-170.6758
52.6684
82.3169
59.1037
66.9157
110.8241
82.8521
76.2998
46.1844
126.1456
84.2234
90.7721
61.7461
80.7712
102.0720
65.1020
88.7659
76.4817
101.1946
52.7682
51.8507
135.1442
87.1913
68.4253
65.1670
59.4549
107.8609
86.8444
119.2379
63.6467
103.7962
72.4757
128.3751
99.6062
63.5566
78.8165
83.4071
98.7829
88.1935
66.9402
58.6690
71.5789
136.6887
71.9838
55.7391
84.6354
104.0186
54.2781
-162.6572
73.9088
72.7968
69.4476
99.9851
52.6626
72.4543
120.1142
65.5643
75.8081
74.7546
57.4612
73.7057
59.0117
66.9878
74.5129
94.1718
155.4672
102.8900
81.4828
84.4576
43.1435
65.5072
71.0888
63.2282
106.7030
55.9256
108.6134
70.2667
72.7746
55.9243
110.1149
104.0574
83.7780
63.2725
84.7422
93.2294
63.9401
56.2802
112.9504
77.5677
77.8955
86.8270
80.9654
66.3677
139.2861
95.0268
78.6104
61.5147
60.5120
82.3531
69.6782
63.5820
70.0966
55.9861
70.9904
66.7700
66.8664
73.9229
102.6228
70.2394
94.6567
98.0841
65.0053
74.4020
159.9095
43.9454
54.5887
78.4998
56.9212
72.9917
61.3160
119.1195
112.9099
98.4877
60.4369
71.4585
82.0339
76.8295
55.7671
57.5083
73.2496
87.4926
49.7255
-144.0798
85.6852
103.3137
70.0070
64.8898
155.7316
45.4650
75.8635
58.2303
117.2323
65.7734
112.5139
94.7620
69.7087
55.2201
137.3055
69.3439
59.8776
66.6876
61.1074
70.4977
74.2879
79.7842
47.8717
84.3671
101.5453
119.9505
85.1870
96.2906
71.6016
74.7606
88.4573
45.3200
86.1720
76.9933
107.6300
61.6148
75.4973
95.2018
137.9064
54.3216
90.1283
66.5180
59.7109
96.1617
139.6011
88.6370
78.9619
100.1293
80.2624
128.7710
58.4253
92.8035
99.4246
57.5741
45.8154
57.5980
93.6167
69.7481
74.4748
74.0077
51.8587
103.5915
53.9389
76.8106
90.3963
138.5676
82.2625
70.2241
61.7771
57.1706
63.6751
54.8969
105.8589
74.7433
57.5458
36.1682
86.1429
68.2576
87.6367
84.2056
77.1577
67.9220
94.4972
102.4859
77.0529
53.4079
91.1346
80.9075
52.3877
70.1328
68.6868
92.1296
-0.2764
117.5391
72.8740
71.4613
97.3769
68.6222
70.8927
56.8844
57.2058
121.5846
52.5522
114.0984
87.8416
48.0451
24.3893
101.8487
102.5145
74.2853
108.2069
94.0217
99.5370
91.3937
57.7928
-165.5706
74.9644
56.2580
125.4946
88.0441
75.1483
82.0803
73.6940
42.6106
-124.4698
66.7063
104.1068
91.8913
68.9521
82.9115
66.3502
75.1015
106.6398
44.9279
128.1033
80.8956
133.4484
185.2311
69.6659
78.9235
70.2679
-138.8032
67.2163
70.5779
77.4231
84.4210
92.2846
49.7831
68.5934
71.2769
60.8914
124.5435
57.5516
152.2630
86.4375
71.8738
77.9860
81.3643
72.5976
69.8631
57.2710
85.6520
92.0873
90.2367
92.9174
171.2096
142.6114
156.2782
61.8833
66.0162
60.9456
28.2326
93.5538
65.7726
70.7241
42.6597
75.0897
86.2161
148.7543
84.5857
77.6790
75.3729
40.8575
153.7966
89.4651
65.7505
96.6178
60.8985
54.3344
107.7022
49.2539
83.4285
106.0722
69.7032
68.2705
113.6835
156.8272
55.0376
75.3661
53.0597
85.4338
74.7479
-145.5376
91.0982
51.3726
72.1060
106.5445
56.2689
116.7052
67.4623
80.2832
156.9520
78.1912
77.8196
37.1265
68.8911
65.4538
53.1596
38.0714
86.1339
63.4261
71.1520
83.8963
101.2651
54.2073
109.8819
75.0952
74.4114
69.3126
70.2203
58.1017
71.8791
163.5797
94.6824
67.3491
123.9382
76.6686
10.3960
76.1819
78.6984
73.8186
54.9083
63.7847
117.4190
67.2419
79.1616
90.9278
69.3075
95.5656
88.5834
128.4272
72.8294
70.8035
78.6915
68.1593
97.1618
-178.6696
67.5017
75.0219
48.2279
40.8237
89.4773
83.4177
104.8679
48.8229
74.4093
82.3428
53.0298
61.4480
93.4705
77.4488
57.5595
48.7237
70.2847
81.4311
60.2020
99.1682
65.3968
84.0080
77.5185
91.7439
88.4490
89.1876
51.8237
69.9349
83.4964
89.5066
83.7161
60.8572
85.0297
68.2737
139.5610
96.0607
-181.2402
62.9475
55.4823
72.7343
75.9803
54.7710
-160.7448
61.9598
161.8314
85.2714
53.2143
105.7404
68.6667
114.2497
80.0902
70.0928
46.9545
67.8774
79.2858
65.1623
51.8381
166.0852
139.0870
57.5777
86.0467
67.7756
71.7438
89.8064
81.0928
41.5576
66.7991
71.5821
88.8026
96.8999
86.4045
80.8995
69.8307
60.8942
72.1501
88.6270
65.7400
106.6637
73.2463
64.8306
132.2803
91.6168
36.8493
126.9038
66.2617
137.3729
136.6197
57.2191
171.8657
63.7468
148.6643
63.0421
172.1449
85.4357
81.6893
70.7530
54.4295
62.7131
130.3486
96.1100
100.9997
71.8750
60.5201
64.6268
81.6869
72.6309
81.9224
97.5770
5.6860
86.7795
78.7282
111.2923
84.2884
135.7806
84.7547
89.6314
86.4767
58.7020
63.5258
71.1600
106.9473
107.3131
72.8674
67.3698
91.5437
76.8838
71.3276
60.2827
91.1030
66.9295
70.1816
69.4210
75.2560
136.4564
62.2842
61.9043
88.4385
88.6907
73.0360
77.1551
55.7899
93.4993
67.4233
55.7587
86.8191
80.9049
80.6706
50.9773
46.0652
52.2218
76.3903
70.6717
77.4300
107.5306
108.8515
128.9842
67.6246
-20.8742
13.1659
94.3555
73.7052
89.6547
74.1876
60.6633
87.5003
60.5170
69.6381
85.4521
110.7388
71.0617
49.8060
123.5556
49.4566
97.0044
64.0392
84.0317
126.8113
57.1707
71.6595
86.7471
92.2909
118.1896
128.9360
56.3773
45.6266
65.8956
65.2332
87.6906
69.2624
85.2707
95.0172
60.8452
85.3037
95.5576
74.9438
86.4228
96.4703
118.7322
74.2738
98.4299
44.8014
62.6694
83.6504
58.0657
67.3358
76.0925
124.4518
65.2370
47.6787
111.8165
60.8902
64.7155
65.5969
65.4824
65.3585
128.1029
99.6813
51.5765
81.2799
124.1294
82.0528
79.3751
77.9885
116.8096
68.8848
81.5980
119.8292
68.2539
111.6630
86.2255
80.0875
86.4223
67.1271
-9.9363
26.0994
69.5802
96.2013
83.0468
107.6126
81.8989
12.7947
73.9652
146.9146
130.0604
52.4507
58.1238
108.2710
78.7444
65.0865
95.9410
66.7767
120.7086
69.8994
58.2946
99.7897
65.5216
62.7475
85.3560
85.9746
77.0934
58.1396
80.5098
110.2889
101.4313
49.5446
148.0186
75.5487
61.9448
82.2555
99.6337
74.7724
84.2796
82.2237
84.8898
95.4483
89.9157
56.2378
56.5602
70.4432
75.6153
80.6425
59.8994
-5.4047
81.2441
116.5406
-166.2399
71.8287
3.1960
68.6911
65.5790
119.1672
188.8193
38.6954
61.9503
83.9665
127.8837
67.7734
122.4231
78.3510
71.4505
54.5628
63.2272
106.2699
82.8733
63.3854
74.3340
74.9114
118.8839
60.6332
108.5188
63.6906
69.9029
93.4375
117.0033
56.0340
75.2851
80.4050
43.5542
97.5050
110.5987
120.0085
68.6496
158.7146
96.0604
71.4148
70.5717
74.2551
59.9285
94.4152
124.0435
118.8038
101.2498
86.0430
88.4256
87.3903
122.6983
73.6318
86.3259
119.9433
62.2692
71.8968
85.6279
141.5822
172.7237
84.2135
93.6104
99.2687
82.7056
39.3664
83.1553
66.9152
60.6779
62.9790
72.1762
55.7836
63.0976
52.0500
53.9514
84.6581
70.3776
71.4537
52.4950
83.8556
63.3933
69.3810
107.1793
84.9521
78.0647
81.3294
73.3582
84.0552
116.8764
83.5225
81.0983
150.8841
67.4974
92.5961
113.4380
58.1428
56.1734
75.4685
8.7847
48.6502
73.9291
63.3502
79.9143
64.8844
70.4004
82.9522
69.1573
73.6270
154.7858
75.2206
28.0247
72.9874
61.8130
68.6444
80.8280
63.2686
90.8869
43.1769
115.0218
75.1237
45.3212
78.5216
76.1919
85.9028
102.9781
86.4735
56.4014
95.4071
45.5456
77.2881
74.4622
89.2726
76.1139
125.9911
38.8187
66.8093
78.7948
80.1726
90.5899
55.0763
86.5386
76.6268
73.1365
44.7389
82.8881
58.0875
72.6949
96.8156
55.0514
77.5615
85.1248
64.9509
78.6408
78.7245
97.0944
60.2122
115.7557
71.1143
59.5450
58.6310
30.1752
81.8570
78.4835
62.9174
129.4418
91.9474
70.7074
-78.9544
96.6594
79.9895
39.4255
71.6003
70.6862
83.4672
91.6405
66.8011
53.4055
133.9734
93.6357
86.8448
67.7938
40.3409
87.6552
39.5967
82.1459
101.2636
59.2376
59.0879
63.0575
80.1153
92.8515
83.1946
88.9430
72.6624
91.8736
71.6688
75.3442
34.6018
105.0519
82.7390
72.6112
60.6792
80.2557
73.7988
85.9571
56.5381
97.4532
77.2063
11.7554
68.5123
82.3036
68.9507
57.0067
81.8508
64.3417
76.1108
85.6248
75.1390
69.6014
56.1832
56.1407
69.7964
90.7808
72.9530
117.5981
76.0435
78.6812
56.8647
150.2778
120.0403
75.6196
83.5089
89.0752
108.8335
64.2827
66.3650
88.9635
79.7820
83.1380
69.8318
145.3909
140.3401
52.3640
88.8274
177.3746
60.1013
148.6133
87.0791
66.6313
80.4845
63.6105
67.1054
47.4131
77.2422
84.9905
67.8542
69.0425
73.0770
68.7098
75.0759
77.4991
94.1878
86.5798
78.7365
95.1491
107.8050
63.7657
106.4168
62.2789
51.7097
119.1033
59.7856
53.5575
89.8366
101.6215
58.2998
63.2504
105.5306
54.9134
151.4807
93.1912
65.8845
83.7388
62.0760
80.5003
69.8663
96.3852
66.4976
73.4088
66.0211
63.2235
159.1683
92.7341
77.4249
55.2195
69.9850
72.0601
42.6329
51.8037
92.3106
94.0851
79.9679
71.8331
67.2131
86.9907
-187.8071
44.9850
84.3560
86.3589
45.5019
53.3365
76.8406
118.9928
48.7614
95.0743
59.4779
171.7716
72.2695
79.0738
59.8022
76.9588
78.3085
94.6798
54.5633
-168.3770
98.9703
-172.1142
70.3419
45.9321
105.9846
77.5741
80.9871
140.6362
62.9602
86.1293
133.2702
57.4654
70.2682
54.4696
49.2656
98.9652
60.9662
155.4862
40.8715
145.5655
90.7482
80.8927
51.1857
90.5845
84.2900
70.2534
81.8499
65.7526
58.9215
63.4950
53.6362
74.3765
100.0298
53.5470
54.6140
103.5217
55.1483
91.5214
38.9636
68.5111
75.2313
101.1885
79.6311
71.1190
66.7500
85.8502
71.2668
43.5973
74.3241
137.7274
154.2160
72.3200
78.4242
33.6478
106.4561
70.9446
186.5299
87.4751
76.8702
73.2232
82.6543
98.7406
85.3658
74.6245
97.8758
78.3826
99.4144
90.2275
82.6586
68.9790
89.9136
57.2203
88.3636
74.1915
126.5951
58.3010
178.4994
96.2340
75.3124
103.8182
78.6452
66.5474
61.8468
61.9128
66.0636
61.8541
61.8965
84.8127
68.5293
104.3005
59.3519
78.1628
71.1245
112.3997
-164.5255
82.8144
75.0907
90.8439
57.5902
72.9493
84.1953
91.3175
66.9262
-4.0075
77.2751
49.6667
49.7583
78.8074
47.9863
50.9394
106.9189
59.2128
177.7097
85.9416
78.2538
79.1157
50.6612
98.0902
65.4559
80.1233
49.9540
77.7581
70.4309
83.6194
79.1261
51.2284
68.4643
94.2006
92.4516
84.7555
67.3055
89.6475
80.7449
119.2478
92.2560
60.0228
69.2155
79.3679
103.4516
65.1992
90.7453
69.1359
96.5444
75.0217
58.8016
74.5608
111.5042
73.9390
116.5721
66.3739
68.7654
38.6130
79.2173
82.7100
75.0069
56.4039
126.2270
69.4420
51.6956
102.6405
88.4951
96.2767
67.7251
54.9937
62.6130
71.0737
71.7865
61.0216
93.4832
130.6535
77.8567
55.7976
60.4573
81.8880
75.6958
67.7072
60.2397
36.1521
46.2496
72.8551
52.0955
106.1380
92.8168
101.7564
57.2637
118.9518
89.0320
73.7763
71.2532
74.5197
76.8989
93.6596
-140.5956
82.2438
82.0631
87.6345
74.3570
92.6297
79.3646
119.1762
121.6922
86.0656
113.2626
126.7042
101.7099
90.6325
153.2275
95.4762
81.6964
69.6372
85.7346
96.2722
66.3068
58.0106
91.2600
53.6440
115.4622
64.6130
90.7081
62.2540
61.1916
67.9771
71.5107
83.2056
93.2529
80.9918
89.9618
86.2636
70.1377
63.0176
51.2135
72.5043
56.9820
127.3172
44.6173
75.4323
80.0517
78.5328
75.8773
134.6667
74.2902
-161.2943
172.4217
59.8783
61.0394
130.0783
127.0559
69.5352
66.2717
89.2839
69.6514
59.8516
139.7214
65.1243
89.6579
53.5679
56.6546
75.9898
75.2087
54.7543
54.1774
76.6079
77.7485
66.0221
82.7574
107.4454
79.0622
68.3142
52.9403
98.3285
48.7386
133.9337
66.3048
55.6085
78.8648
75.6943
44.3665
80.8659
67.7767
27.3036
73.0369
89.5826
52.5949
122.6650
68.4264
105.0570
79.6984
94.2862
84.1025
63.4963
81.9838
59.0391
101.4422
53.7195
100.9476
82.7885
89.9173
92.6753
99.4668
69.6517
79.4565
164.3320
90.0084
77.8887
8.9676
57.5744
59.5121
77.9708
82.8811
55.3359
65.4639
52.2576
113.2157
106.3418
120.9086
76.4087
66.6081
58.6281
103.0234
67.8759
67.6670
91.3975
60.6527
90.9931
79.3027
75.8825
90.2522
49.2484
109.2247
86.7213
76.5796
87.1629
66.9179
95.3153
116.8270
82.5590
86.4960
71.4771
109.3700
53.6284
85.1517
55.3348
75.4824
58.1835
83.7618
96.2694
65.7500
79.7404
65.8615
122.1705
108.4900
78.8334
57.9228
52.0843
-127.8801
63.7460
76.6956
65.4078
105.5118
62.8857
71.1714
65.3018
77.5718
79.1291
96.5550
79.9925
77.6515
49.7804
42.6303
90.2171
50.9848
155.6799
78.2645
77.0190
21.1781
111.8181
57.7025
62.3770
153.3372
99.1325
94.3048
61.3256
74.4615
92.5512
74.1275
103.7929
64.7007
92.6630
120.3008
86.1582
64.3473
71.3278
140.5090
85.1304
41.3421
96.8364
1.6325
58.3283
87.4369
132.6660
98.8888
77.5727
59.5330
71.9603
64.3664
68.2246
64.8705
72.1871
74.6109
57.6908
66.6506
100.5832
92.5636
61.9385
89.7174
108.1145
109.0969
4.9908
77.4685
39.0393
82.5653
96.4171
68.8374
67.1105
90.5695
69.1550
75.6691
75.9395
81.3707
53.9995
93.2926
89.3509
65.0691
73.8697
65.7558
74.3591
85.2123
158.6059
79.7847
69.0853
101.1846
104.1493
53.6091
102.4951
64.0823
84.5088
58.7302
88.1167
64.6832
65.0795
74.0976
65.5613
83.6036
67.5271
73.9987
57.1018
18.6968
54.7347
57.2256
4.1445
50.2089
80.8155
80.4263
78.6894
-133.3184
72.8440
64.1642
73.4169
82.6154
67.4154
70.1145
103.9693
96.2638
132.7099
121.0220
52.2349
111.0324
68.3477
59.9422
113.6128
56.3671
74.0293
122.2404
103.0265
70.9088
116.7336
11.4468
89.6726
155.0676
91.9100
2.1161
164.8836
64.2741
146.2056
77.8542
73.8555
61.5948
58.2218
48.9569
93.6779
58.9336
58.6722
68.8160
116.7779
145.3875
76.0685
68.5697
35.8890
98.0299
58.8043
77.5930
44.8557
67.0301
68.7854
52.8563
94.7003
110.5478
33.8463
81.5143
52.3500
68.5945
103.4789
96.6649
42.5994
47.2262
64.3868
50.6304
74.7754
63.2128
127.7747
64.9476
79.6628
121.5218
71.2466
