58.5583
78.1237
96.7358
13.9914
172.6831
80.8401
161.9211
72.7068
44.2602
80.5506
47.2326
80.6144
64.5877
91.2930
54.7503
83.8220
78.6815
70.7396
64.0077
31.5337
84.5026
90.5464
100.8110
104.8627
66.2130
118.4072
167.4172
56.4408
96.1165
45.2461
65.6290
58.8624
85.9319
79.3162
94.2147
49.0633
105.9683
101.8771
106.1443
89.4189
109.3380
80.1079
53.9482
68.0776
55.8558
55.8792
71.1372
77.7294
87.3145
65.1972
147.9718
106.6755
70.3229
84.7688
115.3453
80.9714
86.1877
65.8080
68.2896
51.5563
147.7316
79.1678
114.1385
65.1806
137.6414
70.7790
60.0906
87.9661
72.1411
89.0226
88.3751
57.1999
71.1054
76.9659
83.8449
81.7488
66.6755
60.5819
76.4853
19.0072
92.6837
72.2038
71.2063
95.5503
74.3639
42.2775
112.6616
87.3637
96.3308
172.4555
112.4078
59.7547
73.2899
85.0046
75.7754
22.7988
182.9387
61.3387
60.6456
-150.4505
46.0214
70.0661
69.2072
105.1899
53.7494
73.1138
78.7068
84.2986
49.0517
131.2679
77.8369
146.5162
75.0998
132.1011
84.8135
100.6040
94.2411
68.1856
51.8401
80.6422
92.8834
77.0893
81.8591
93.9934
93.5924
61.3939
47.4359
55.6931
-125.0738
75.8742
65.5402
83.5155
73.2115
123.5604
136.2070
83.2228
43.4086
107.5420
86.7145
95.7688
75.4036
37.0305
66.9987
72.9657
95.8716
57.8456
125.0616
89.6785
63.9716
105.0634
41.6446
74.1416
80.0185
79.3877
91.8330
91.3676
97.1845
92.9419
86.4302
78.8635
63.6099
62.7393
84.1121
63.1905
78.8987
111.0678
57.3254
62.4070
91.4202
64.8273
95.2396
69.7607
55.5935
68.5034
43.5111
139.2991
143.9310
77.5593
100.9297
65.9706
59.8108
76.1925
64.2300
80.6314
70.0295
63.1543
71.0849
86.5087
75.3268
-68.0342
81.8173
51.3267
58.0474
79.9151
78.9027
67.7177
56.4075
118.3594
61.3172
94.7339
72.3670
77.9692
106.0466
147.8215
127.6697
75.7860
70.1755
97.1465
99.4342
100.2312
74.7526
82.8762
82.2205
63.6344
74.2644
97.5126
94.8804
61.8316
72.6939
78.9349
60.1829
88.5187
113.7505
46.7634
48.0341
53.0157
65.5972
91.7248
89.8099
105.2940
84.7400
150.2125
72.6008
26.2702
72.1288
87.0717
58.1135
111.7623
131.1613
39.9579
81.2688
73.5264
60.8509
63.2820
70.0502
61.0964
81.1459
77.6124
74.8727
74.7827
77.1134
110.8104
68.1662
57.0331
92.5704
84.1581
19.3373
54.5311
58.3265
101.0964
72.4838
75.7947
56.6484
136.8066
66.2056
114.2851
-6.8982
77.2799
53.3594
72.5729
107.3910
57.0244
63.0787
53.7809
84.6452
53.0498
98.5477
64.3934
73.8564
86.1488
67.1280
79.9860
67.7508
93.3123
79.6596
64.2569
98.0740
120.0863
47.5782
120.0542
90.4506
65.5947
71.7804
85.6179
84.7205
63.1795
61.9233
50.0777
64.8510
131.6392
67.7361
72.0302
64.0630
43.8647
40.6873
101.3782
102.9735
83.8202
109.5267
110.6067
60.6777
103.3060
46.4485
72.8419
67.4153
82.4825
43.4887
142.7678
58.6349
77.5526
91.5575
74.3627
87.0699
97.5620
87.3491
84.9597
65.9523
98.2738
88.5087
50.6983
83.1546
92.3842
106.0874
65.7892
66.8610
67.7186
54.0695
72.6571
55.0734
94.2303
101.7966
91.0911
70.9726
59.4343
71.7850
80.9585
60.6979
83.2052
165.6736
78.1775
76.2413
79.1978
90.5317
81.0416
78.2070
134.9039
65.0266
34.7213
84.6939
82.3618
98.0175
77.0644
137.7709
92.1858
60.2775
78.1257
85.1044
116.2842
108.1062
138.1206
106.9602
79.6065
60.5884
80.3450
62.3412
72.6530
54.1767
81.6545
64.3212
67.0022
106.0526
58.1205
101.7621
82.1290
62.6468
100.4685
49.9318
51.9763
56.6846
73.2844
97.0737
63.1695
74.5603
91.5834
74.4889
62.6561
113.2922
70.0739
70.7672
98.7505
61.0396
122.9253
96.8893
79.6312
57.7026
95.9296
76.7071
59.5998
46.0301
134.9814
92.0741
72.2998
74.2722
53.2535
117.4073
52.6197
64.9881
59.3796
89.0406
141.3515
58.5658
3.2301
135.2320
79.7415
64.2491
60.2914
87.0934
75.7773
64.0391
74.0133
93.1611
55.5825
111.1380
73.2851
63.2903
48.0551
135.1896
58.4594
71.3959
99.1909
112.2983
74.6656
97.1068
135.0913
90.4683
47.1614
35.5202
62.3030
131.0414
73.7652
68.1933
69.9473
54.8087
50.5610
66.8263
57.5610
79.4256
51.7912
50.6525
104.3351
61.6395
60.7810
44.8070
100.3993
97.4062
122.3703
54.9427
60.9581
85.5598
46.0018
72.9899
143.3912
107.9004
119.0634
71.9367
89.8475
126.0187
37.7154
69.2201
83.8361
-168.2087
62.9845
45.8135
65.5262
16.5111
80.1114
174.0015
93.6389
81.2891
87.4225
80.0762
77.2415
62.8439
43.1305
62.8916
39.9604
53.6818
179.3610
80.5533
86.0698
69.7297
81.8142
70.5302
139.6866
75.7536
131.6615
29.6583
80.7186
71.3106
79.7078
61.1904
79.0420
103.1240
47.5476
60.6924
77.4876
79.3056
66.4837
73.0297
65.3184
75.4348
109.4037
77.8672
78.0106
92.0938
66.6256
-1.1768
97.5228
27.9142
100.1939
79.9115
100.7058
75.0729
156.4719
159.3819
75.2022
69.3677
145.9999
34.8503
43.3196
67.1944
62.5767
60.0792
97.8154
78.4686
98.8095
74.7465
71.4711
53.7449
65.5050
67.7067
88.3824
43.7155
83.8000
161.5941
47.6040
85.5641
75.8980
101.1637
84.9043
146.3417
121.6153
128.3227
18.5170
87.9605
85.6635
74.8996
66.9938
63.6356
71.7107
79.1362
102.5032
81.1407
101.8386
56.2249
62.6006
-177.3470
57.6922
58.5282
89.4237
93.3208
70.5582
67.7423
77.0243
48.2054
97.1149
63.4066
54.8223
43.6957
39.0447
77.3618
76.7999
132.5646
66.5665
57.2028
83.4042
78.0157
89.2756
68.1966
69.6626
79.9474
53.1767
72.3121
87.3877
51.6256
91.9507
69.1848
54.7159
135.1722
73.3935
49.9897
59.8004
127.9386
74.1406
126.2356
59.8417
71.0433
64.6216
130.7469
91.6570
88.6261
66.0740
53.9526
69.0232
52.0141
134.8285
144.4532
64.0247
79.1621
47.0986
67.4493
72.8063
65.5859
58.2895
81.3697
129.8626
88.9503
47.7109
58.3711
155.9925
28.8591
-2.7257
53.1074
74.1954
50.9254
94.8782
96.7447
43.8248
-160.0619
86.6392
100.3527
65.2652
88.7595
49.4864
87.9937
25.2721
47.1513
165.7127
79.4419
110.5920
73.3008
86.8014
67.1911
80.5970
94.7836
53.7118
61.6271
62.3737
87.8059
132.6985
67.2445
66.0592
106.2763
51.4588
54.6337
73.0527
90.4409
63.1854
67.4087
88.8109
89.1132
111.3347
71.5664
76.4431
74.3131
78.6764
72.9880
64.6310
108.1908
83.1893
102.8356
111.5613
70.2673
73.4999
102.9310
83.8585
62.9117
73.9512
80.0421
77.6294
56.8113
75.6204
51.9805
96.9322
58.0246
177.0308
39.3830
132.8723
97.3457
80.6085
82.4513
79.2271
96.2295
-134.4308
48.9423
99.7504
109.8723
58.8774
54.4069
142.4976
92.6975
86.0829
48.7130
89.1662
60.4105
56.5042
79.7987
51.0918
78.7757
82.1627
67.3002
97.2612
81.7638
77.6738
41.7048
25.9701
184.3052
56.1979
45.8854
120.8286
89.6938
70.7727
79.0072
43.1960
85.1822
77.5855
84.3091
91.0926
62.9202
71.8841
53.4786
94.8308
74.8738
45.6047
92.8655
160.6548
-72.4129
79.1359
85.5674
75.0308
80.8323
107.9176
34.2774
73.2474
94.5500
88.5300
93.4639
62.8985
61.5455
137.7430
106.2883
54.5149
83.7612
130.3343
69.4175
80.8283
127.7692
55.3686
115.1246
146.1720
135.0317
130.1958
114.7610
61.4198
73.3567
84.1847
81.5293
106.0066
106.6305
59.7797
53.7555
80.6454
103.7460
125.8021
83.8084
76.2066
64.8125
57.0086
144.1432
71.9631
64.8328
143.1761
78.1677
105.2430
45.9178
80.9715
79.3934
86.5896
120.0854
93.2526
112.0115
176.4619
46.7303
-144.7711
72.3119
67.0096
76.6758
78.3963
9.0767
70.0067
79.5274
69.5591
52.1166
101.4285
92.4445
75.6818
72.1184
73.1525
78.3567
80.2872
88.2390
113.0926
74.9961
97.5367
65.9659
67.7442
88.9072
46.6073
78.6352
66.7750
50.9216
104.7482
61.8859
82.0462
72.6857
71.0052
102.1894
67.4428
78.4831
147.3884
46.6962
69.0254
56.4692
78.4254
74.4411
61.2698
86.0312
58.0107
50.9453
63.9013
91.0622
43.3108
81.9823
91.5693
83.0082
62.3950
126.6784
-166.9094
83.1246
152.5135
69.7218
79.0415
121.8367
59.3346
39.3791
55.9542
83.8443
94.5916
120.6759
112.9737
56.1889
89.3006
75.2891
87.6240
107.1872
108.2683
69.0587
86.7922
25.6771
178.7251
74.1114
64.1808
59.6404
76.6125
58.5288
60.2489
114.1691
47.3110
60.1436
115.2894
96.4031
94.1819
74.4409
90.3814
52.2349
74.2572
110.9459
65.6188
81.4469
87.3713
135.7975
74.6050
63.9185
97.6001
81.2138
164.6587
130.6720
64.0105
177.2982
56.6939
47.9951
142.0480
127.1826
65.5513
82.3144
64.8143
73.8240
93.1737
50.8734
81.3316
82.4690
63.9168
78.2517
68.9743
53.4639
71.9269
68.3679
100.5624
79.5300
51.8349
-0.3206
70.1370
73.3301
-112.1022
92.6683
42.0899
127.8934
101.6671
88.8204
70.3459
129.4104
70.1550
71.4435
120.4197
70.7385
64.0484
53.4390
73.4101
72.9671
49.7074
32.2784
66.0746
59.1057
134.4396
120.8102
107.7178
66.6264
65.1006
67.4275
93.8810
52.8588
80.0134
136.6941
94.1533
78.3551
94.8391
87.4337
41.2692
103.4527
70.2714
63.6930
82.6331
56.9148
81.4548
104.0187
79.1826
65.3183
77.2822
59.8362
96.7157
56.8054
65.4594
76.8730
135.1307
154.5923
92.7632
78.1236
72.9605
97.0818
88.1820
61.1045
142.1177
52.9192
62.4423
-181.7200
69.1917
67.8101
36.9866
82.9291
89.8336
86.8070
87.9966
88.1261
53.9612
49.1325
54.5904
96.7255
61.3055
67.6189
109.3184
85.6023
84.2216
62.6923
82.5883
54.7627
83.9723
49.7480
62.5766
75.9776
78.4509
124.2510
77.4484
89.2519
86.0830
55.6199
77.9528
44.5255
70.3937
69.2804
75.9292
86.6730
76.0047
87.8156
61.6364
88.9226
71.0691
74.3763
67.4172
65.2862
-4.1720
71.9438
115.3839
104.7286
46.2930
57.2868
64.4327
91.7422
86.8244
72.3472
50.0264
78.0328
54.2535
57.9245
65.4604
78.5659
120.7442
69.3949
80.1550
45.9966
56.2514
51.1554
-163.3908
90.5615
150.1766
64.2431
92.4901
119.8113
82.1954
71.9307
90.0785
78.1642
61.9346
131.1853
77.4770
99.5613
67.4672
120.0962
85.3824
54.3900
81.6090
70.9313
147.2264
43.9772
76.5866
72.0803
65.7906
81.7801
54.1039
56.8846
68.3913
129.9095
83.8210
62.7437
69.4918
101.2863
114.8392
67.7483
54.0354
119.2750
62.3266
71.1169
36.0653
55.2308
49.2599
69.6559
102.9779
165.6168
123.3374
113.6718
67.8529
89.0568
93.0457
69.8434
88.7594
83.0513
57.7370
61.1479
54.3266
61.5010
111.9089
53.3308
69.3157
72.0387
54.0498
80.0865
111.4459
80.3814
80.1880
84.1739
95.4819
45.1173
96.7699
87.8301
43.8951
53.3789
-172.9635
68.7632
78.3042
96.8947
134.4171
68.5042
80.8246
116.7397
72.5386
85.3740
106.5033
81.8856
101.1607
58.0939
125.9035
84.9612
98.4935
79.9166
-4.2887
79.4895
52.1158
69.2113
185.6412
91.6790
86.4181
152.4124
63.2076
65.0827
58.5491
82.6047
75.2342
70.9759
69.5477
99.9156
89.1096
83.0807
69.4228
118.0563
40.8660
30.6329
95.8654
87.0451
54.2785
80.7906
111.8141
77.6478
95.0178
71.5909
74.3206
79.3914
78.8363
68.8381
90.6864
70.1949
61.2994
53.8617
59.0751
101.1358
30.4096
76.6122
86.2086
86.6360
93.8234
53.7757
66.7624
75.5963
69.3651
102.0930
93.2517
62.8359
170.9559
60.5634
70.1724
-5.0917
116.2617
109.3489
97.6675
92.6165
124.5136
54.7128
156.9411
81.1279
-143.5222
46.1867
108.1430
163.0350
86.3436
97.5518
66.2283
64.6325
61.1979
78.0803
68.0835
68.4387
43.7685
64.0104
74.3658
70.0654
59.7123
75.5801
107.1635
72.9349
110.5203
97.9609
72.1466
72.2032
54.4476
70.7049
43.1517
72.6774
105.7781
84.8453
39.2408
100.3552
46.0981
80.8108
148.3501
93.4598
62.5095
145.1576
95.5029
89.4189
86.0425
125.1373
65.5446
87.0403
85.7664
105.9207
63.5245
97.9577
80.0597
76.6252
57.2436
83.9717
42.4595
62.6024
57.7063
74.2419
70.1067
61.4074
36.2507
66.1754
140.0399
181.8793
74.9561
107.1781
96.5032
73.5309
74.2777
72.9246
80.8434
65.2750
83.1083
55.3335
92.3607
64.8626
117.7747
61.9512
45.0901
74.4406
101.4884
83.1430
32.3063
74.0603
73.0399
74.3333
107.4404
66.8749
71.7519
48.5895
61.3099
126.0929
56.8885
126.5536
60.4723
67.2199
54.2318
133.3398
95.8417
75.9472
70.7381
109.4885
63.5180
69.6557
110.5093
79.5770
64.7454
72.1909
60.3714
65.5271
30.1575
70.4919
87.9736
146.3882
94.9236
77.7929
69.7730
53.2275
56.6359
123.9505
77.8962
76.8182
85.1226
98.1415
64.3119
75.7645
80.3789
91.2707
79.1748
55.6077
81.8537
74.0860
71.9645
78.0601
99.6020
87.9273
112.0338
66.9214
130.7174
81.4073
71.1753
67.3511
181.4033
87.3330
99.6826
61.1368
55.0959
165.2466
137.6143
117.2607
40.7786
76.9875
121.9071
89.9255
56.9407
67.9239
77.9356
91.6551
71.7132
161.0071
109.6146
112.9769
81.6016
82.8065
109.2166
107.1088
162.1456
92.9239
135.0468
74.5250
55.1843
76.4404
64.9119
54.3358
74.5416
82.0186
92.2801
133.6754
88.8634
165.2746
76.8605
76.1652
70.5643
56.5132
95.2810
29.4871
36.8371
95.5428
64.2089
77.3612
-67.0262
66.1770
68.0754
90.8005
98.4983
54.7505
67.2855
80.3879
63.6235
80.4809
96.0079
98.8510
112.3896
86.3203
116.6682
54.2797
71.2821
75.5866
87.0690
49.2542
76.6656
62.9809
71.1566
80.1776
74.2848
79.3557
61.4984
66.5754
142.5012
86.5423
74.0872
66.4919
65.6361
75.4590
62.8338
44.0214
59.4207
75.2873
94.6918
127.4153
59.2378
33.1266
30.3195
77.3422
79.4155
69.7598
105.5320
85.0869
89.4672
65.7233
87.2814
81.0853
57.8778
108.2455
49.5717
50.1545
85.3667
71.7209
85.1332
88.3747
93.7988
134.0243
119.2711
77.5038
76.0786
3.3176
76.9813
56.5348
59.1454
82.2186
39.5822
87.0782
182.1256
99.0150
66.4671
74.2231
105.6960
128.8210
90.6183
88.8985
158.3956
111.9510
77.6533
103.0437
78.0453
71.8798
77.5817
71.9990
76.6233
82.8151
56.4281
73.6000
53.1043
106.4699
163.5975
58.4177
63.3194
82.2176
92.4320
73.9432
80.8963
59.4011
66.1098
83.2801
82.9436
80.4269
73.3486
59.9108
81.4862
75.2745
69.8984
65.8880
79.3018
53.1164
79.8362
47.3782
71.8834
69.9149
128.3335
65.4851
108.2515
71.1775
89.9015
65.4294
70.3744
154.8164
75.7279
76.2727
34.6805
67.1194
52.3969
67.0823
69.3853
89.6908
39.1937
113.8794
53.3984
82.8349
47.3818
171.3132
89.5432
112.3319
79.5634
70.9793
94.6113
74.3144
89.5874
80.7234
116.6017
65.3498
62.4743
147.4699
69.1113
61.8907
87.6521
67.1060
115.5859
85.4922
148.1572
80.3526
124.6008
132.4207
90.1002
107.3578
63.5353
89.7417
47.4195
90.3438
107.4809
45.2750
86.5205
94.0921
65.3467
64.2582
68.0346
75.4585
81.6275
67.5958
34.7018
53.2416
80.3447
69.2972
64.0732
65.6485
66.4914
150.1588
71.9024
44.1165
-1.5514
99.6032
61.5473
89.2405
130.4394
81.6719
98.3257
132.5340
63.6620
69.8381
112.6087
78.8243
91.0180
69.5757
73.5778
62.0704
-146.3505
97.3700
81.8589
96.0387
63.3069
74.8967
96.1247
89.6382
97.3632
84.2331
52.4524
55.6021
97.2760
-170.3211
120.4708
51.3680
158.5370
86.2519
96.3710
157.6091
56.2495
83.0634
58.6321
60.7405
56.0013
73.5129
64.2107
153.9266
75.5926
79.3528
116.0553
58.3289
70.9116
81.3717
75.7538
82.3859
130.9437
77.1026
129.6507
81.7693
91.5441
121.3817
56.9730
77.3943
68.6573
31.3212
66.3759
106.2426
64.8392
84.2163
-177.5652
75.7588
48.9908
75.9596
68.0833
73.6024
74.0465
81.3778
66.1139
129.9698
95.0531
53.2051
81.1909
74.2690
77.2191
67.4316
48.5335
91.2084
74.9819
136.3080
56.6431
82.5416
164.6825
89.5761
52.5612
26.2253
50.9108
74.6378
139.2777
88.5193
73.8659
86.4535
72.8227
61.6109
107.5243
84.6639
78.6856
53.9654
49.7805
87.8112
80.8272
132.9147
55.7343
75.1381
90.3568
49.8074
174.7590
80.4191
170.8406
52.3140
77.8669
-157.7152
95.1889
101.1650
82.5670
46.7789
66.3718
103.4213
65.2965
82.6477
53.9810
113.3611
99.6982
99.4075
94.0253
86.3680
159.5092
58.4153
63.1859
97.8086
121.6993
70.3709
61.4492
71.5311
62.1735
61.8006
94.0796
50.1460
111.0811
69.0210
78.0795
58.8987
48.7700
46.1599
86.0093
81.5847
65.8309
0.0409
76.4918
58.4660
73.7727
85.1384
76.9234
83.2238
63.5905
96.8815
71.4796
70.9044
79.9602
47.6831
96.6166
58.3167
55.5888
4.1492
85.3864
97.9698
-161.2634
68.6465
74.9952
63.7796
99.4932
65.4523
90.5175
180.2174
63.6923
79.7578
84.9503
123.3259
85.0880
94.6709
103.1387
86.1897
97.5107
109.4790
173.6720
102.8984
80.3302
66.8967
84.3914
-140.5723
177.4849
79.5968
87.6530
85.5334
76.3019
88.7865
74.4152
64.8079
100.7520
101.5834
79.5647
74.4085
74.9136
61.3593
120.2227
39.9030
85.7791
113.1949
65.8163
111.4372
72.8462
55.2042
55.7447
121.3659
48.5544
77.9835
74.3376
77.1818
50.3992
112.9578
57.0067
103.6090
87.2637
77.2963
133.6667
79.4592
72.9639
60.2254
140.3235
86.7428
68.8665
84.4757
39.5109
78.8687
65.6185
102.1513
68.8743
63.2818
81.5879
150.9974
52.2674
60.6608
46.1829
85.1677
52.0269
74.8075
59.0116
102.4754
101.4427
79.6972
77.7445
94.0578
103.7735
58.6157
58.3292
82.3005
78.5608
59.6706
74.2278
91.5239
73.3415
140.8084
60.7281
72.0559
77.0493
77.0705
67.2844
85.1596
117.4167
126.1215
48.9032
104.9822
66.2885
77.7828
75.7394
133.0895
56.0880
52.3213
82.4808
76.3456
169.8727
116.8651
83.9587
81.6483
83.3346
70.3587
70.8019
68.6741
109.2730
66.7423
123.9277
97.2783
96.9071
52.6068
138.8816
142.3342
91.5955
82.0669
77.3938
105.0897
86.5159
111.6405
67.2767
95.6171
62.3026
75.7290
81.6057
107.8673
46.8323
139.4880
65.5524
61.9204
71.1052
59.3256
59.9748
70.2235
53.4634
119.9842
75.2297
68.4569
105.2605
83.6496
90.6852
63.5103
87.3986
88.7689
67.0892
60.2470
92.1030
57.5981
92.8174
50.4554
93.4387
77.2672
62.8493
79.5575
62.3158
96.9955
78.2000
72.8531
80.3869
59.8988
84.9694
95.3621
48.7501
83.5051
145.8195
76.0817
56.3539
74.3224
78.2197
51.7074
67.6777
88.7528
38.9116
85.4001
60.6943
49.6643
74.1828
106.8534
76.7019
114.8480
79.9877
54.7884
86.0832
76.5954
72.5455
98.2377
74.8465
64.3634
71.6218
70.9264
68.7524
67.0814
31.1933
36.1398
80.5506
55.5985
73.6133
59.2019
97.5533
77.0931
66.7725
34.0124
68.8047
86.2921
86.2117
61.0218
97.4158
119.5260
95.2920
92.8258
63.2135
133.8254
54.3099
90.4786
-182.5865
94.1419
108.9308
42.8248
50.5206
40.3431
84.0561
49.5240
99.0459
107.0424
139.7931
67.6741
63.3077
95.8168
76.1230
78.1804
115.7184
88.1850
64.7564
55.2960
82.2574
64.6404
149.6336
78.5519
77.0160
51.9666
149.5762
60.6658
96.2877
72.5359
57.5653
54.8639
59.3357
43.9692
72.6825
74.8946
148.1783
74.3563
66.8456
103.4651
73.9562
66.3848
77.2883
84.2057
86.6454
83.4601
88.3181
93.2352
115.1269
104.5842
82.5795
44.1095
87.8181
84.3572
78.2408
-126.9990
78.9652
78.9534
72.8618
84.3472
98.2891
49.1304
58.5025
86.9619
62.0750
65.0488
78.2035
81.8071
75.8889
67.9444
72.6401
66.8187
78.5863
64.0747
79.6250
76.2192
70.9038
79.7586
120.7490
39.1473
67.4015
12.7060
70.0117
57.2931
84.8302
164.7317
86.0663
46.7417
131.8391
69.3281
126.6567
52.2615
37.2647
89.9101
137.5979
83.8389
179.4026
67.5825
111.1405
78.9180
86.4301
106.3758
145.6184
140.2842
52.0248
89.1220
72.4456
74.4189
90.3212
83.8597
58.3209
83.5741
88.5231
93.4394
55.1433
42.5093
86.8198
69.5820
81.2329
78.4127
80.6515
9.8894
83.7251
75.4305
97.1773
71.5428
63.0211
84.6467
70.9900
50.2906
86.1502
132.3054
72.2367
87.1156
77.3662
44.9108
68.2852
105.8411
87.3038
88.5348
108.0827
112.9242
49.4647
82.8136
88.4665
88.3524
54.2693
93.0495
67.5539
54.4747
84.9736
81.5126
9.5983
77.3896
77.4321
69.3917
61.3659
144.5618
55.3505
100.0960
70.7731
94.2984
99.0132
70.4918
60.2202
83.2984
-170.9676
76.8132
82.1287
106.0943
45.5017
57.2611
96.3345
61.1410
111.2391
80.0455
75.6754
139.5394
129.5602
65.7506
64.6390
81.1654
89.0088
174.1137
60.1410
102.1680
84.6552
74.4984
71.7265
150.4686
75.7794
123.1846
69.1308
69.1520
77.9527
99.0464
82.1650
56.5007
82.1260
76.0412
74.3151
83.8465
91.9831
-137.7888
101.1895
-170.0261
93.9618
101.1811
72.2028
50.0697
70.7226
60.5067
129.7657
81.3862
84.3293
144.8963
54.5210
93.2438
98.4226
62.5879
179.7535
81.8985
56.2631
83.0815
160.4699
88.7535
59.1618
154.1498
-157.6966
88.0471
98.6904
99.5530
93.0989
68.2578
57.5084
64.7661
134.5274
96.5030
52.9679
98.4136
33.6849
120.9451
76.4577
35.7247
104.3182
81.6470
126.1743
134.8636
62.5370
63.2193
43.9541
108.2967
100.1903
84.0675
68.2897
83.1801
77.4940
27.6959
64.6953
78.4011
11.5153
76.1591
68.0292
68.8377
62.6231
74.4029
62.2679
44.5783
61.6496
68.9157
73.1670
60.7585
78.5755
64.9436
70.3818
76.9742
89.9293
66.6399
64.9112
76.6322
79.1270
86.9634
81.6417
59.6273
79.0223
86.7797
71.1680
48.4847
121.9238
67.8857
102.6416
118.1685
119.9179
85.1054
63.5693
88.0023
64.0796
-176.0027
64.6974
63.3167
67.1322
101.7886
70.6531
59.2730
44.7186
79.0896
114.0117
-159.2198
65.4555
65.0720
46.1833
70.7464
87.8724
63.5439
57.3613
79.4825
76.3680
70.5546
132.5460
99.8587
42.3813
61.0075
105.0303
85.9522
60.2944
97.9575
67.2647
76.1020
112.7403
79.2933
129.9634
106.0969
137.1070
182.8505
64.9870
80.3323
45.8944
69.6423
76.5414
87.7901
71.8908
93.5948
71.7898
98.3066
80.1270
54.3825
113.6288
145.3681
125.6512
105.4337
76.9245
69.8268
34.9470
71.5597
20.3447
94.9688
115.6729
87.4775
68.4920
96.5633
87.0617
91.4252
69.6390
75.8201
58.5518
66.0514
97.5557
66.5186
134.3321
112.3576
113.5881
68.7373
72.0641
71.8753
50.6536
87.2101
44.8630
83.4983
48.4663
84.7233
35.6882
62.2956
99.3185
57.2272
54.5368
128.5469
85.8190
85.0264
80.0150
59.3232
67.4181
53.0361
98.9899
74.9443
96.3732
61.6692
86.2226
79.8458
44.3577
81.4227
83.0275
50.0856
64.3558
81.9744
63.2767
78.6074
82.5164
54.5502
74.9266
73.5657
75.2279
70.8099
81.4526
75.6757
80.3985
129.5379
60.3618
75.7093
109.6545
47.0481
58.9361
58.5758
77.4210
112.7690
34.6128
61.3717
98.1266
85.9822
66.8156
90.3891
123.1970
82.9105
50.6656
107.4212
95.5631
110.2597
71.9046
77.8934
101.0822
103.2275
67.7088
73.9966
97.3183
63.5449
130.3590
128.3948
80.5737
103.8486
59.4508
87.6805
57.2712
102.1899
71.7340
54.2239
84.0716
75.7208
88.5409
161.5016
66.6914
144.2359
91.9616
70.3637
69.6215
73.2328
72.8005
79.0866
77.6328
70.9015
82.2933
56.8094
62.5512
82.4052
173.9131
73.9639
79.8826
138.2001
58.1799
66.6322
56.8707
85.4495
62.1219
68.7617
69.2789
130.9297
87.6158
56.0292
111.7876
89.4478
70.7908
99.0672
90.3709
90.0774
48.4432
121.7310
35.4060
75.7850
92.1445
144.5334
57.8049
73.6695
97.1027
99.2284
122.7298
124.6032
63.6267
42.2013
66.1076
99.2385
89.0868
57.9356
75.1501
60.0277
82.0885
98.6291
183.5270
50.7125
71.2421
83.6784
69.0768
-146.0558
70.4011
85.1345
83.1828
60.8075
95.8772
67.2311
67.8470
67.3116
113.2791
58.4494
92.3888
75.6403
74.1075
89.6485
62.1026
85.5532
70.0336
126.3283
97.9084
73.2526
78.4532
87.5676
92.3234
71.9928
62.3946
31.8357
92.9621
82.6280
91.4941
66.1164
104.3383
83.4625
56.3043
41.8999
123.5513
55.0056
68.3438
41.4433
117.5265
74.6094
86.7513
45.4154
157.1401
75.9530
59.0128
118.9465
86.7104
83.8463
93.1095
93.2339
82.7154
75.7240
72.5497
91.2019
65.9260
92.2054
109.6060
97.6455
104.6170
81.1664
95.7895
76.7188
119.0249
55.2116
93.1761
87.4505
97.9733
82.6514
56.4827
68.8016
77.0301
54.1720
86.9360
54.9692
132.9242
70.1880
71.6652
49.5953
52.2451
138.8361
75.6940
69.5879
153.6437
67.9083
85.5374
75.0090
62.8843
62.1496
60.0115
21.4863
69.8057
80.3989
92.7093
-152.5314
73.7824
57.1893
89.8298
80.3704
117.7562
50.2096
97.9386
61.0898
74.0811
83.0128
-10.2363
61.5445
75.8322
59.3921
50.3126
79.2912
145.3431
70.2612
80.4662
44.1487
61.8469
93.0434
71.6815
55.6539
59.1451
86.3562
123.4635
73.2225
8.1467
71.5078
32.6014
78.4570
-163.5830
45.4524
70.7581
85.3118
127.4492
45.3986
64.7794
87.4126
76.4602
58.2152
58.4323
64.1865
68.0589
69.3440
95.8699
51.2203
86.3563
73.9615
84.6603
69.9659
72.5647
79.5610
54.5619
70.5174
42.9164
82.6875
96.3824
84.3928
130.2268
39.5124
60.6528
79.8068
68.7476
42.3498
51.3271
85.8722
93.4701
60.5073
50.7592
71.5203
55.6230
89.0753
81.0905
81.4044
61.9179
103.1606
100.3269
56.3455
122.4967
94.6404
102.4957
65.9596
83.4141
118.4929
91.8619
114.7741
66.1793
65.3332
68.5301
103.5704
81.0804
120.7550
139.6998
128.4515
74.1330
71.4159
89.7514
62.5797
79.9273
62.5817
76.9324
85.4417
51.7105
121.7379
50.7504
67.3125
153.9220
116.5754
73.3171
165.1405
69.8417
92.0926
148.7715
84.4307
87.9650
148.6093
63.1623
105.9104
46.9315
86.8307
90.2443
68.3781
64.0923
63.5413
94.8214
110.6870
72.8810
46.9118
61.7474
58.4180
-105.8721
66.7001
85.1434
72.5732
83.7438
67.0262
92.1666
175.9127
70.3122
80.6633
107.5774
83.9022
45.8827
56.1276
100.5616
88.5715
68.0420
84.8428
66.7305
105.4189
54.5395
54.8042
84.8537
79.0152
34.9201
98.7236
68.1044
157.1288
105.0263
98.6449
65.5438
46.9970
80.6096
135.8292
41.1367
74.0917
75.1860
164.0906
45.6404
80.9454
72.1462
80.6007
100.7630
67.3531
69.7309
46.8233
86.2150
77.9955
94.6430
96.6410
60.0719
76.2339
63.5293
101.5622
76.0562
81.9517
105.1765
151.9679
65.8522
86.4528
54.2566
76.8360
59.6340
48.9333
56.8681
136.4971
67.3425
64.9777
79.1432
119.1058
49.3036
71.7305
43.8056
88.4181
87.2820
124.3567
114.9533
82.9514
75.2953
64.2382
128.2445
90.9392
56.9535
64.1318
85.5506
101.9435
67.2048
98.9291
91.9142
82.8440
76.7563
81.9639
49.0406
67.1185
70.2380
77.4356
83.0821
68.5454
61.4460
59.9790
79.8769
95.3774
24.0561
85.2070
76.9997
126.3918
101.3299
43.5118
111.8814
103.6869
71.0980
152.4294
71.7857
101.9158
99.2258
65.9120
62.8047
112.7656
69.9654
81.4067
70.7244
114.0942
107.2286
62.6726
59.4867
114.2494
84.9380
80.5850
68.4461
36.1333
51.3659
87.6661
102.4700
85.7822
59.3965
58.5384
40.4512
69.7607
83.3405
53.9946
82.4908
157.2544
71.2545
81.5982
127.3074
160.0482
87.8277
69.1344
86.0596
86.9225
133.8782
37.5707
53.6960
67.8866
54.5289
80.1163
87.9575
66.4532
58.6197
45.0047
91.5125
93.8898
76.4169
55.0636
146.2760
106.6412
51.3271
61.7388
113.7466
128.8744
86.5452
80.8681
77.1817
53.0525
85.0207
69.8012
58.5829
78.7499
86.3831
113.0572
95.3529
84.0377
89.0798
83.1732
45.0256
50.5225
77.7334
122.8848
104.5767
67.2634
77.2839
73.9827
88.7692
117.5035
90.0360
97.2936
79.9056
66.3310
70.8176
180.4337
76.2749
72.5788
86.6202
53.0730
88.3724
122.7107
45.5461
55.2998
94.5156
87.3835
143.3260
52.7809
93.1991
103.2287
40.2295
79.0937
86.2779
92.3735
44.0496
99.0245
155.1758
130.0904
68.3531
66.5996
47.8037
150.6104
66.1854
126.8810
77.3645
119.2583
57.6461
59.8053
65.1735
23.3205
88.9229
84.3705
86.7849
87.1223
92.4302
56.6109
72.7237
69.8100
79.0343
67.6021
83.5440
59.3171
42.2470
82.8548
99.4767
82.4656
61.6796
-152.6950
67.4372
79.8619
80.5019
62.4662
74.6545
69.0797
91.8619
80.4426
64.7344
59.7157
107.9154
76.7893
95.0131
112.0886
85.8241
102.1026
60.0317
63.7358
69.8488
113.0207
99.2189
68.6969
83.1436
85.9655
97.5725
91.7769
15.0238
83.1253
104.7877
94.5499
85.5630
83.1039
141.7255
143.6241
106.5325
110.5231
-173.1421
33.4533
170.8757
119.3819
45.2398
83.8386
81.3349
77.8522
72.4449
48.3583
61.6435
103.0885
68.0846
70.5504
104.1363
115.2334
76.2450
59.8208
130.8874
98.3395
59.6511
60.2316
77.6489
97.6276
111.2727
72.4669
77.7694
71.1272
75.1812
66.0024
63.7584
123.7217
59.0816
81.1450
57.5106
89.0468
100.7161
75.7155
88.8526
31.2737
76.2303
85.4976
84.0958
56.1769
72.1502
76.8761
75.0644
72.7869
84.9578
75.9305
72.1523
75.8022
72.4970
59.0327
79.8322
68.7962
88.6204
73.8445
67.6067
55.9230
78.5947
74.3900
32.2268
71.4697
62.2219
90.1976
52.7160
73.9987
127.8335
143.5265
83.7567
81.3554
70.8432
74.4868
69.0954
121.1274
68.7688
79.8712
37.1099
78.6525
99.7633
75.9328
75.6825
90.6379
110.8274
75.3289
62.9402
71.0711
70.6264
132.8617
122.7682
101.4611
151.6459
76.9720
110.0660
113.4561
97.3156
86.4885
63.0578
172.6366
-144.6459
73.2710
68.9781
47.8358
59.5873
57.5791
93.5917
78.9525
75.6459
38.7864
30.4873
103.9660
107.3927
82.2599
85.1860
139.4988
45.7380
72.6508
74.2909
52.2666
145.6208
55.8948
94.0899
52.7663
65.9402
43.5491
77.6687
56.9884
88.9481
146.8568
82.4129
70.4163
134.8119
70.7376
128.4956
82.2194
94.8166
81.6284
88.2550
79.0904
46.8740
98.8055
62.9014
51.7429
54.9064
72.5288
74.8740
10.0820
77.7881
117.7438
-164.1658
89.6051
62.4664
123.7504
72.8741
-1.4360
83.3826
79.2429
124.3771
64.2805
99.1407
64.9537
83.9881
74.0054
58.3226
46.3589
50.0992
57.0979
75.6262
90.3795
112.0467
69.0222
72.3643
61.0609
111.5804
117.9691
42.9004
73.5823
76.9831
133.5949
118.1052
52.1013
73.8951
80.9480
70.8542
53.1865
81.1345
81.4414
120.6696
97.3147
51.2198
103.8370
82.8045
59.4064
144.6131
92.5639
151.3253
56.6947
102.8474
70.4373
74.7265
96.6289
91.0542
80.9469
65.3308
111.1870
72.7857
64.2943
63.1878
132.4571
94.1573
75.9132
68.8360
45.9677
136.1709
119.7914
67.8320
124.4555
117.4984
78.3150
87.1368
92.6259
78.0102
95.0017
75.0147
56.3473
53.0231
71.0448
58.9188
91.2747
93.9161
80.7129
73.9148
56.6942
58.2892
88.0745
91.3018
81.4872
125.5317
68.1960
115.7556
113.5787
89.5097
84.9703
74.6163
51.1407
81.3969
62.8321
76.3560
53.4860
62.7805
65.1958
65.3042
8.0318
68.0527
68.1358
82.9908
76.2469
75.3281
83.7817
60.2647
90.1722
-2.9872
116.0322
87.4883
55.8198
78.2034
66.8584
56.0992
137.4071
68.8529
76.3613
105.1391
85.4789
101.8604
68.3396
82.2162
141.1009
94.6420
115.4260
111.9152
72.5006
74.5243
137.2271
121.3202
55.0237
67.8214
90.4099
109.5773
91.4805
94.6979
49.4206
-164.9513
101.0138
62.2988
71.7277
73.9720
163.9165
168.1366
55.9263
43.0497
127.2842
85.8587
92.1012
114.6320
87.3193
62.5102
56.9021
84.2148
109.8018
74.2343
71.4407
80.3612
86.8410
71.9786
87.0814
71.2720
61.1727
83.4432
79.0676
71.0940
51.0766
51.7158
-160.7920
91.3816
61.5067
59.6271
81.3891
86.8337
58.7258
46.6959
67.5472
90.2340
53.6892
114.4614
80.4081
66.9325
91.6373
74.7639
62.6018
128.5333
83.9955
79.1738
66.7366
79.1639
98.8723
62.9023
101.2024
94.7446
47.9749
62.2105
60.2315
74.1352
98.5673
71.7992
108.6398
58.9072
77.7993
86.4355
61.5717
92.4163
43.9488
35.4488
85.8120
93.3666
81.9944
76.6585
88.9592
120.9379
92.5438
108.0803
59.2476
77.2095
56.1325
96.3113
152.7864
72.0306
151.3034
86.9913
82.5594
74.8138
83.6371
-142.7330
85.1627
50.1488
99.1527
128.4414
50.4210
98.5825
75.6960
91.5129
75.9919
82.4471
92.2746
62.4672
69.2594
97.8475
64.3582
109.0208
67.3325
146.7820
96.5473
65.6890
67.8650
102.7183
85.5568
44.0067
74.8415
34.1685
65.8571
78.3774
77.4457
85.2429
48.3124
-140.8029
143.3081
86.3139
85.2521
97.7186
49.4172
78.6932
107.5952
59.5647
80.5862
43.7157
61.9480
83.1397
88.7492
91.7278
69.2025
120.9704
110.2254
91.3505
78.1222
61.4396
66.0679
144.1516
80.1462
76.3260
162.6863
62.3936
77.2243
60.2094
75.8625
60.0843
74.4045
149.5229
65.5416
106.6467
94.5242
54.0008
70.1650
129.8563
66.0935
85.0244
104.2252
76.1888
26.6874
99.2663
87.3527
75.3499
99.6678
75.3496
97.5280
80.5547
100.2105
58.7374
35.6582
170.0327
80.0763
77.2665
71.6585
90.1946
65.9943
65.2288
86.4002
54.2194
59.9036
77.2990
63.9082
55.2980
78.0843
62.5999
155.1716
80.4464
68.3452
151.4314
49.6872
76.8692
68.3985
64.1161
92.9762
51.5410
7.2999
60.1859
68.1798
79.4594
37.0079
69.8796
56.3555
52.0283
42.2607
99.4820
52.0062
87.8581
51.6475
57.3874
90.8055
69.8958
170.2170
73.0216
27.0687
64.6396
77.2654
69.3474
69.2019
90.6964
77.9195
71.3932
76.2907
79.4344
109.5855
92.1386
58.9822
62.0709
72.7399
92.0208
79.9027
60.7933
98.1636
77.0548
81.3820
87.7066
76.5286
87.5929
50.1288
73.3258
60.7131
53.7098
64.2394
58.0086
74.7683
75.7126
-170.2232
95.9931
112.3760
52.2256
83.5247
77.1943
63.7867
60.1346
91.9078
182.8160
61.3159
77.1184
65.7254
63.9630
80.0876
102.4427
77.6198
49.7809
113.7870
115.9873
79.3014
-14.5956
57.3785
71.0296
90.2204
55.3907
101.0762
86.4381
82.1828
83.7214
69.1667
118.3257
112.1820
70.6076
166.5013
79.8710
56.9115
95.8536
40.8429
80.1209
64.2502
92.9659
131.3492
97.8944
74.7399
131.1181
68.2047
87.7269
106.9892
30.9687
134.0204
96.8362
134.6874
65.3698
63.6350
78.0453
33.0727
141.9066
46.2878
72.9641
66.5203
100.4387
70.0054
81.4731
73.3914
-159.5338
61.8889
101.6457
-167.5384
82.0642
52.3460
146.8881
45.7151
87.3852
56.0921
97.3089
54.2053
72.4859
66.9767
68.8846
65.0620
76.7430
83.6830
86.9410
56.9366
81.4039
88.0974
66.1512
121.4076
129.0283
49.6010
16.0847
94.7764
82.2913
61.4087
73.9268
67.3311
91.1224
79.6493
-131.4526
97.3040
83.8710
60.9887
78.0187
67.8688
93.1753
105.8735
71.9512
66.9048
85.2472
87.5378
55.8032
83.2969
101.8907
56.2218
69.4828
126.0063
73.1590
66.8380
59.2957
116.2774
80.4855
94.0587
104.8242
26.4150
97.7102
85.5062
104.1631
93.6833
58.5771
67.3672
87.5468
78.4258
89.1856
65.5105
71.5135
100.7673
50.5605
102.4456
117.3708
39.0794
66.0895
77.9942
96.1099
147.3909
65.0759
65.2496
83.8139
69.2772
6.5497
106.7136
74.1196
88.1466
81.3024
74.3022
108.2634
123.6256
71.2550
70.3129
70.6935
109.9558
51.1487
67.3106
81.7438
84.3559
141.8573
64.7153
35.9070
84.1197
64.3932
60.3393
147.5319
136.7603
76.1059
92.4165
65.4806
103.8921
53.7002
67.1309
88.5461
73.8472
83.5262
66.7976
61.7387
78.3408
97.5462
67.3370
167.0513
70.8950
86.0832
106.1005
77.3641
88.5019
47.4752
83.8621
73.7982
92.2808
74.6973
44.5861
116.5565
126.9767
53.7082
124.9063
86.1925
90.4641
47.3476
68.4907
-72.3143
70.1598
125.9503
68.2758
65.8902
54.0233
69.4260
88.0883
59.1113
74.8858
102.2713
104.1473
66.5898
77.7070
52.7561
92.4065
72.3403
-0.8485
105.4727
75.8017
90.5134
81.3338
64.8142
72.8350
99.8792
68.1724
59.6973
45.9147
73.6927
96.2358
75.0176
53.0859
134.0844
80.2853
54.2989
119.6235
69.6219
89.8798
72.3478
59.4658
72.8432
50.5945
59.1848
56.7913
81.1417
79.8220
134.4811
144.3685
111.2374
70.9285
71.0424
72.6300
59.8730
97.2485
78.1615
78.8170
92.9783
60.2411
62.5514
84.1194
87.4100
61.2077
100.8033
100.7694
69.8882
63.5775
82.9492
-59.8253
84.0275
109.4403
94.0460
68.5258
84.0752
94.1822
88.4313
64.8069
81.2282
49.1567
54.5498
97.3319
72.7792
66.4934
70.3718
73.7581
106.4634
80.7905
77.5137
-151.1002
80.6692
74.6069
67.2483
70.0673
88.2000
83.0166
80.0054
76.6027
49.1629
82.7698
81.1357
69.2582
59.2141
105.7829
75.5616
-134.1752
149.6966
82.9256
74.3772
81.8375
97.3717
-149.1165
72.8943
97.3605
103.7596
69.9034
156.6717
74.3428
170.6426
115.7745
59.9056
155.1516
65.0838
64.2367
32.4626
98.0093
98.4448
70.6922
58.3878
92.0034
113.0768
105.7318
43.3206
97.6102
61.5028
59.2755
64.8979
81.5073
73.4137
181.3854
66.0733
70.8371
102.7884
69.9817
79.8180
117.8824
65.2672
51.3147
62.2449
87.8664
111.2084
-151.2415
44.8735
60.0549
83.1854
65.7033
84.2758
88.9568
49.5963
67.9354
60.1741
90.1765
67.9250
83.7375
31.3375
98.4757
84.9212
96.9659
82.4291
87.0198
51.5718
85.5384
76.9286
121.4822
58.7101
74.1886
111.2860
101.1981
26.2792
51.2800
74.8150
56.5168
-130.3989
59.4507
72.9734
112.3321
80.0353
89.9011
74.4393
101.5474
79.1909
60.2342
53.7007
83.5148
98.4482
75.0548
80.0254
87.1157
33.7348
93.6524
5.5339
92.0354
110.0927
117.7089
48.0527
56.5380
86.1870
68.6991
41.3006
73.0202
148.9286
78.0650
152.6021
121.0343
101.2036
75.9721
65.8145
72.3379
74.8983
91.1971
119.2222
78.7364
62.1216
57.6794
98.2845
86.8181
73.3291
60.6786
49.9491
93.9595
82.7467
170.8691
-145.4244
66.4928
96.5451
61.5855
106.6105
66.5173
62.3498
77.5047
108.0162
126.2917
64.0563
77.8074
70.4190
-164.4020
65.0464
70.2453
62.8268
72.9850
85.5716
75.4526
52.0376
54.6224
57.2916
85.6644
71.2111
78.2478
66.2508
67.8149
55.1455
84.4605
71.8670
82.2285
71.5349
100.7710
96.9365
104.6729
74.7782
62.0047
93.4175
-180.7487
72.8878
158.3907
67.8095
38.9109
81.1899
82.7911
61.7544
80.0980
73.2611
60.0578
97.0484
92.0225
46.7650
93.0305
-143.3248
121.1909
50.9605
182.4722
49.0146
64.7499
49.7206
79.2113
81.2061
58.8377
62.1761
56.3274
58.1924
71.0182
84.1489
65.8926
66.5023
58.9644
147.2431
62.1876
66.8463
114.9875
58.3393
68.2528
70.1418
71.1217
100.3763
108.3913
83.5506
44.6638
52.0293
83.6301
67.2425
95.2525
131.2402
-158.4738
81.1599
105.9941
98.9072
81.8182
139.6419
37.0750
61.6591
78.0376
78.3596
80.5380
87.2858
57.9035
97.2142
76.1571
45.1847
71.8077
100.6613
94.6309
77.3663
72.5168
71.9205
34.9783
77.3068
77.0295
63.3708
61.3993
76.9288
61.7121
63.1100
131.2785
52.3905
88.8594
73.2253
83.9021
80.1140
39.9263
88.1215
60.9014
84.2857
88.6863
147.4939
58.9471
78.6265
64.9353
55.2056
128.1360
50.8364
111.1354
56.1905
73.2522
130.3339
118.1335
63.0055
38.9354
75.2730
45.9109
-7.9550
104.4018
43.7300
62.9502
82.1342
103.0159
72.9889
87.7222
40.4622
96.1530
66.6747
69.8804
83.6204
50.8874
113.0093
56.4755
89.9960
59.7957
73.8769
37.6466
66.3354
40.2878
104.2582
82.1059
82.6197
89.3394
-161.2164
49.8039
69.2011
75.5895
73.6515
82.1169
61.1889
108.1162
36.8999
83.4175
95.6667
63.3847
75.4143
68.1361
142.6664
56.1627
77.2175
69.6393
52.2174
125.0135
126.9475
69.9131
67.6439
91.6491
57.8082
59.3722
103.6746
57.9834
133.2788
48.2118
82.1351
80.7249
49.6575
65.2099
61.5834
67.4932
122.0238
80.9382
93.4483
104.3335
82.5219
103.0360
46.0350
118.5792
80.3417
62.9828
76.7428
65.4814
85.5570
117.7940
60.3558
60.2389
50.9002
65.2681
154.7748
104.7531
75.9661
119.6441
77.2566
61.3697
76.7916
81.9047
76.2735
69.9196
77.9941
60.6136
43.4091
52.4324
77.4281
147.3110
55.6178
106.9192
57.4496
78.4948
144.5009
64.7440
73.7705
79.6082
56.5328
50.5398
82.7801
114.7415
81.4765
97.1208
69.9628
114.8187
75.2604
76.8684
134.7591
50.9107
78.5786
89.3081
55.8877
110.0858
67.9385
74.8728
72.6568
92.0921
84.0851
84.9259
59.6973
60.9183
71.6192
60.6064
81.8983
67.9402
75.1437
62.4199
79.0867
72.7270
74.1422
72.0826
137.5853
79.8152
60.8852
81.3348
142.5482
79.2136
56.3895
111.7366
112.7166
24.9445
53.2977
133.6460
86.4918
63.7097
70.3547
69.4392
75.8171
147.8308
60.9424
82.3551
95.6757
53.0314
68.7885
73.6202
63.5556
51.6992
79.7570
42.9625
44.3737
64.1382
80.0330
104.4288
69.8898
80.8124
79.6913
86.1270
65.8883
79.1799
70.4649
126.8699
51.9354
92.4545
36.4682
101.1442
80.7286
60.9512
55.4820
84.9346
77.8654
78.8628
57.0226
85.9491
85.2650
108.4259
113.5116
114.9191
93.2736
62.0907
47.2620
44.4854
71.1082
70.4346
38.2673
82.5081
139.1938
65.8242
114.1674
99.6630
89.0790
77.7965
88.4669
73.4736
56.5980
110.5269
91.9497
57.9959
65.0522
105.3068
53.9525
48.2914
54.2453
134.5938
81.4919
59.2393
79.0798
111.4704
51.0600
47.2064
105.4332
79.3078
57.2467
54.1505
67.2180
111.3431
71.2766
64.3404
70.8437
75.5314
90.3523
49.1882
35.4865
102.7045
81.1338
114.8303
85.9927
58.6740
123.5192
75.3682
25.4917
53.3693
70.0090
91.2435
57.1951
58.1727
105.9317
63.2639
56.3206
65.7696
175.1895
57.4832
80.7654
68.2912
69.5463
78.8798
67.1478
80.6564
72.8045
51.9066
97.0111
170.9237
107.1781
-158.8370
62.1062
125.8129
83.7329
63.3862
104.1720
90.4650
76.8134
-149.9170
97.9376
96.3580
67.5644
71.3547
88.5655
130.0884
63.8603
100.0714
68.8048
83.3653
68.9240
12.5322
135.2239
64.3916
87.6540
91.2486
85.8230
112.7391
86.0637
62.8660
124.6345
-168.3045
-111.0177
62.9620
69.2390
77.9587
68.5588
50.9770
120.1374
77.2575
119.4815
-158.6203
58.6187
91.2658
79.9897
103.4866
50.0589
75.9348
99.8132
124.3833
78.1252
84.0054
56.8644
70.6147
70.6182
54.1916
77.6154
-173.1484
60.4916
65.0640
55.7183
79.6162
61.8226
74.2222
78.4708
52.5912
95.2119
56.1410
83.2808
81.8062
52.2117
63.2631
71.8042
90.1537
86.6664
65.3641
43.4537
109.5560
58.7340
86.4602
141.1911
58.5071
87.1891
114.6412
40.3907
57.1888
105.4316
50.0016
73.3463
83.0819
99.0589
144.7909
84.4208
66.8576
49.0650
51.1418
150.5429
53.7644
66.4903
99.6917
61.5387
-178.8825
82.5893
130.1963
85.2493
15.3001
78.9499
45.1740
75.8111
69.9986
52.5002
127.5672
82.2820
63.1787
80.2242
58.8204
29.7778
94.4739
121.2263
56.7735
45.3646
53.6776
79.3220
90.2529
54.1280
53.1890
110.8822
116.0188
75.6687
62.9832
61.5831
58.7222
159.1538
32.3226
162.0855
70.0606
69.9315
140.9049
78.4588
56.0571
140.9672
64.1549
119.1684
55.2595
51.0522
126.4933
84.0188
71.5689
81.5243
143.4864
83.5399
119.6123
52.9300
110.3879
59.5136
90.5500
75.3983
33.5008
81.0031
124.7840
156.1649
97.6418
111.0765
85.1846
65.5569
129.0467
81.9091
57.7257
76.1740
56.5002
90.8871
97.4286
89.0303
82.0353
86.3811
69.9544
130.9246
84.1114
93.6791
97.8441
65.0685
67.7415
152.6205
45.6352
86.6682
59.9633
66.0393
56.4488
135.0717
124.0140
99.9907
101.7406
123.1278
75.1091
70.3096
61.9954
107.2001
50.6009
75.2945
97.3620
81.4009
136.2417
83.1878
61.4730
62.7051
84.0024
77.1816
68.9194
90.0959
80.1979
47.3751
89.9319
51.5730
154.7336
51.4226
-147.6838
72.8987
60.6494
104.0410
83.9235
106.2635
82.8571
56.4544
53.5995
87.9789
72.4895
73.9686
62.5279
98.6913
69.1898
57.8668
62.8895
86.4040
168.1706
122.2764
66.8847
75.2093
71.9690
12.2092
96.7189
77.4751
94.2020
54.5090
69.7102
49.7335
140.3567
61.6904
90.6873
74.3507
86.6879
87.1770
59.9153
43.8502
73.6694
73.1661
65.5134
102.3224
123.8525
64.4261
76.1260
97.4021
66.7731
89.7508
84.2081
59.5240
82.8574
113.7254
92.6256
130.0964
-162.5382
73.1095
77.7514
83.7851
66.0465
90.3031
111.3261
52.8831
100.8518
55.3565
84.5157
65.3347
135.1595
70.0960
107.7711
104.4488
102.0484
62.1888
82.2285
89.5418
75.9032
69.2971
102.9094
51.4082
123.6822
62.4401
33.3242
73.5942
94.7756
83.1532
115.8765
93.1605
41.0561
45.0197
92.4175
3.5248
-173.3372
62.1358
64.9381
63.6067
135.3107
47.8186
65.2411
64.6666
85.7282
103.4231
67.9832
48.0401
44.7460
65.8309
63.3952
60.4386
84.9756
63.3092
78.0788
58.7778
53.8134
95.1446
77.2433
81.8420
106.9654
73.2538
82.1496
50.3326
74.8049
63.3160
99.7478
81.5682
75.9449
70.4354
103.5333
63.9590
65.0592
87.3739
59.7011
90.2872
102.7064
137.9361
83.7335
45.4108
68.0834
71.9035
118.1521
88.4794
95.0044
51.6976
83.1061
61.1332
48.4336
59.6201
168.0336
38.5422
92.0963
122.2211
88.2403
83.7363
77.3349
65.0357
84.3265
71.6163
78.6465
81.6209
64.4859
71.1181
87.6875
74.8760
67.3873
51.8829
77.1478
121.4006
95.2198
67.7824
117.1042
16.2316
74.8712
84.8130
41.8619
71.9149
77.0026
58.6666
62.3592
158.8670
78.6283
87.0109
66.3692
53.6022
64.6212
82.4252
78.0427
67.8260
80.0307
97.0344
100.1598
64.4294
66.4892
61.3629
77.0294
60.6330
79.8727
63.3115
69.3743
56.5160
81.3302
74.7124
64.9314
88.6370
129.7350
67.9734
104.8827
67.6004
-2.9583
175.6561
83.3838
74.7088
110.2016
77.5894
83.3782
56.1218
91.6946
55.6864
62.3532
41.6526
77.2775
80.5239
68.0033
88.5076
121.6624
80.5624
119.1145
85.4181
94.2666
61.0355
82.1102
61.6744
74.1688
96.1855
66.3672
79.3838
86.7685
85.1529
79.3437
66.7002
85.7256
82.2419
76.6467
63.9601
68.5575
74.2121
72.2817
53.8299
92.1615
82.2172
84.2405
96.5120
113.1331
60.2467
46.3023
65.6672
86.1811
61.0024
90.1764
54.9656
85.4783
116.4561
99.2324
130.7370
100.7767
-178.9615
61.0031
40.8795
73.5354
60.4825
97.7142
85.0855
48.0961
91.8509
76.2144
76.1556
64.3317
135.1049
61.3712
145.2442
124.8069
55.9864
75.9572
101.8461
67.0364
50.7147
86.0550
21.9959
66.1409
70.4901
83.1895
77.0403
86.1813
83.5998
118.2006
74.3240
76.3762
82.6570
81.0202
83.0917
68.5683
57.7874
47.4232
72.5450
81.4129
87.6164
58.0288
91.9553
80.7420
107.9888
98.2442
135.3354
73.1091
106.2249
137.4227
124.3293
87.1648
72.2191
86.3163
105.1271
68.8621
69.4327
101.3152
62.8960
106.9012
71.9929
71.4759
115.9843
70.5740
78.6081
100.3067
85.0991
84.4810
135.4266
76.1238
73.0691
96.5286
68.1824
92.2105
30.1541
75.9314
56.0424
71.9058
69.8920
66.6106
66.1615
-134.1893
80.9440
71.3278
79.6654
54.6193
153.6443
51.8160
59.7696
-191.9502
81.0041
