163.3180
-161.5971
107.5369
101.1961
140.7579
-176.2630
86.4202
151.8530
181.9409
165.5207
88.4345
156.2796
106.0608
143.1640
-166.7750
-176.5855
-100.4658
154.7007
126.4491
141.6261
178.3749
94.5527
-164.8296
96.9196
108.8668
-93.0766
99.6215
162.4178
121.1994
-110.3054
116.1735
139.3524
121.1618
111.0950
141.1303
-163.9954
152.9373
-170.1441
-176.4709
-180.0248
124.7685
-151.6870
-180.1139
106.1817
145.6463
94.3073
-187.6805
107.6316
111.4038
129.4992
139.2829
108.9014
131.3064
184.2592
162.4988
-167.1838
111.8171
137.5654
116.6988
122.6095
-176.8853
181.4820
182.9861
-173.5867
126.4066
131.8130
85.0593
-152.9854
-149.1308
-131.6128
176.2601
124.6659
135.8728
116.6505
119.8725
158.0187
108.7337
174.5719
159.6023
-165.5506
142.5462
-172.6565
168.2514
172.4899
167.9924
109.5955
135.2632
-167.2047
180.2948
-157.2375
176.1085
129.5574
-175.7261
184.4481
170.3548
135.4070
139.4029
-172.0847
-176.8716
131.8939
168.8990
119.1910
111.9256
-163.3428
121.7648
152.4470
-162.4682
120.4429
121.9309
108.0363
135.1836
192.4509
97.9173
129.7685
119.6467
163.6673
167.7157
149.8820
117.6937
168.7612
-173.5951
162.1721
106.2802
116.4626
164.5481
-183.1487
101.3921
193.6860
176.9256
-176.9455
-97.9465
172.8919
151.2431
125.8610
-149.9367
150.6906
148.3484
113.9126
-188.4747
160.8382
190.8576
131.3543
-181.5006
174.9386
162.0637
122.3211
138.8590
87.2549
155.7454
169.4016
-193.8562
-176.1034
140.0938
102.1003
113.7383
-175.1276
-162.8013
126.4470
-78.9434
-105.0035
100.7960
167.5217
98.9498
-142.9236
139.4408
157.8381
112.7028
-164.8646
101.1606
124.4904
132.3921
170.1292
110.9154
127.3309
176.1047
-175.6811
-179.6768
-177.9657
162.6911
142.8599
141.7779
118.4483
151.1099
138.4568
159.0252
178.2719
-176.7343
120.1690
164.4011
-84.5477
196.1607
-168.4671
167.3119
-181.0217
-185.0385
154.6830
-187.6413
130.1309
120.9854
-175.6787
-84.9728
118.2997
160.8553
165.5941
162.3266
-116.7458
153.3552
174.8347
170.9726
155.9205
164.9528
159.6087
129.8574
129.4292
121.1897
174.9983
-169.4257
92.6845
132.2556
174.5043
122.4279
174.9839
126.6476
104.6718
104.7381
143.0633
-188.8511
133.2095
-159.5511
142.8314
132.5236
186.1920
138.2190
162.7420
-184.8824
170.8598
87.1682
144.8182
127.5100
-179.2219
162.0829
-166.6022
118.2693
181.5218
117.7911
153.5870
115.2770
-158.1232
-173.6179
-107.2820
124.0721
110.5694
-168.3377
-177.0787
95.9871
148.0958
-166.6850
111.1893
113.3545
-100.4772
156.7757
107.1902
-181.1854
-181.8552
136.7376
145.5076
172.9006
-124.8132
139.4995
150.9364
-173.6201
152.6387
182.9280
109.8862
-158.6598
-184.1532
153.3317
115.2922
163.5829
144.4611
64.9414
-175.7317
126.7291
110.1006
-168.0791
129.1243
169.4320
-158.2161
152.1254
141.8654
-185.1472
148.2883
106.9427
119.3331
-149.1752
-77.6324
-164.0871
155.0304
153.7088
156.6692
193.0080
166.0680
164.8352
127.8010
154.8283
122.8668
122.9748
106.9685
-162.2788
-152.9868
-180.9182
108.3103
-140.9327
-192.1873
-178.3942
132.0493
84.2855
179.3408
174.2233
-168.3374
-178.7784
125.1087
118.2148
148.8491
97.8637
129.6328
116.6221
163.8681
150.7217
121.0850
-190.1084
-168.1996
-160.6739
-96.7702
169.0417
-137.6598
117.7542
189.0772
-183.7684
86.5621
-81.6942
-137.9293
-151.4685
135.4024
-175.4752
-184.7924
83.3657
-173.2469
94.7679
162.1233
-154.4382
-172.2610
-173.7074
104.9920
-108.5576
135.8584
133.3507
-155.1409
-170.4490
-166.6812
177.0947
-188.1859
148.1844
135.3477
158.6997
151.6779
-173.2282
93.9657
107.5507
144.9807
140.8646
-163.4658
166.9039
-157.8094
143.5535
168.1410
125.3664
-160.9548
-185.4331
-175.0836
100.2840
156.9548
143.2706
113.5077
-172.5784
149.4160
-176.2483
-174.2935
110.3011
166.6445
147.0476
172.4477
102.5475
153.1801
83.2452
144.3642
112.9183
-140.2895
167.5329
-115.9430
115.9510
179.2690
159.9389
170.1140
-167.7812
167.6358
130.5561
-183.5342
-155.0901
134.5381
-170.6718
161.0772
163.2314
109.9224
137.1636
150.4003
161.7014
113.9425
182.6858
130.9211
-169.2011
167.6726
159.2977
148.4919
165.6084
114.2578
133.3863
138.5361
150.0779
139.1929
137.1453
107.2475
134.1509
166.2902
-178.8382
126.8486
-171.8429
147.9128
173.4078
168.4946
178.6293
-176.1439
157.4307
166.2939
129.8211
122.8863
173.6418
173.6872
136.6486
-191.2339
156.2454
137.2066
-178.0071
-177.8660
-168.9531
-98.4892
126.3079
140.2693
132.6595
99.2176
-167.2299
165.8144
-178.3947
-184.6178
141.2984
104.3721
-185.8036
159.3241
127.5497
153.2509
-167.5687
-165.0979
133.1206
140.8817
-182.7948
118.1389
175.4502
157.3405
161.4650
95.1744
163.0984
151.8313
130.8182
-159.4981
-46.2241
105.4347
167.8015
-173.9798
186.3405
99.6813
184.8428
74.6296
127.0663
148.6048
-178.4705
159.3717
157.6125
-178.5479
82.6329
149.9917
139.1032
173.6890
137.0742
143.8651
176.5471
-162.1801
155.0296
193.5742
-181.2021
89.0801
-182.8328
148.4643
170.7441
146.6253
123.2859
106.1968
148.0054
149.7162
155.1753
161.4217
186.7747
-82.7197
185.5523
115.0490
-155.9261
140.1481
132.8704
156.5553
124.7805
-156.9822
147.7345
170.3141
-95.8825
154.5367
133.1659
-63.9426
162.0574
184.2403
156.9858
98.2869
174.0475
140.1443
167.4693
136.1612
119.1250
103.3656
112.7449
156.8683
89.3350
154.1552
-174.1218
172.2627
-89.5711
98.0823
164.2323
-188.7914
166.1720
136.8155
129.8155
176.9620
-163.1123
99.3240
99.9079
120.5916
159.9118
179.4068
130.7686
80.5418
139.3654
182.1889
158.1342
133.0018
-162.8302
137.9648
145.1482
120.7907
133.5053
-180.5534
-176.4501
144.3904
167.7830
151.7240
184.6382
140.4985
145.4161
108.4508
158.1351
122.2481
-157.4491
142.3131
162.5270
135.4266
-178.6666
142.1473
-151.8885
-176.5855
135.0303
127.5977
-198.7210
126.8859
-157.0232
136.7198
96.4975
138.0273
140.9770
136.9872
167.8710
76.3691
150.9846
174.1579
156.0740
117.5985
154.3651
-166.6439
118.5167
145.7735
191.4409
138.0933
170.9640
-169.5063
177.0592
-166.0953
119.4124
188.7693
147.4469
134.8469
162.0758
109.0729
126.3765
110.7949
-156.6056
95.2514
138.6361
147.0242
107.5969
126.2035
131.1071
168.6216
174.4705
175.2157
96.0973
-163.3336
138.6388
180.2918
145.7236
-181.7065
175.9227
142.9669
-155.6145
-113.3293
166.9400
-93.1461
145.6914
145.9118
130.8968
178.0227
-172.4255
104.2954
137.7191
136.1020
165.9406
-179.2829
120.8443
-163.4678
127.0064
-133.0532
147.9547
179.3865
166.5126
-173.6713
-171.1070
150.5535
-165.6167
-155.6778
169.0920
107.3459
158.4346
172.3060
-182.0287
91.8311
-131.3101
138.4920
105.5161
125.4085
-172.2419
172.3571
155.0203
138.0785
-164.8080
145.6247
161.9504
-183.3913
154.2617
132.9078
131.0997
125.8571
149.4357
146.7827
173.4022
174.0092
143.6878
132.7257
176.5261
108.9369
-149.4704
-199.3908
-201.2019
173.3457
159.5254
130.7984
142.7471
112.2478
103.8686
181.1933
189.7133
184.7758
-185.0447
-174.2356
132.1209
107.2443
-169.3023
114.7141
97.0411
127.0823
116.1697
81.5620
119.4473
171.3831
-173.4216
159.7391
131.0704
186.9312
175.3352
141.9354
142.8778
-82.6857
-168.8697
145.2481
114.9922
198.3501
184.9416
134.8885
180.1034
78.1284
143.8966
99.5073
121.2574
-186.8096
140.8796
-162.6619
113.2005
98.0409
116.8438
195.1260
-79.5064
125.0407
134.9752
138.6123
106.5404
180.5578
-157.2342
186.9274
130.0359
146.3001
129.7079
-203.3756
179.5713
146.9479
145.8426
132.2110
-134.1986
140.4969
136.9512
158.8507
-165.5878
-159.6249
-191.5668
-90.6458
-176.7225
157.3098
123.3778
134.1707
193.4358
179.5905
97.4450
167.9307
-167.5629
161.9450
129.9868
-172.7426
108.8466
-187.6132
155.0223
135.9756
169.7163
135.0884
150.0828
116.3393
151.1490
113.2632
164.3753
198.9119
103.4999
172.4250
115.1728
148.5909
171.9747
164.8023
111.0386
176.1139
115.5342
103.3565
106.1702
-171.7573
146.2924
109.1377
146.5981
-168.3987
97.8469
141.4191
-163.7173
92.8890
-161.6661
141.2260
-194.0098
166.9552
176.1308
156.9742
151.1504
-197.8094
152.0043
138.3189
155.1717
73.6611
145.9948
95.6907
194.8606
161.1532
149.3631
175.4378
-70.4565
139.7494
108.3297
-162.9370
122.8566
152.5348
-162.2886
-160.5548
169.1959
127.3771
184.2568
173.7156
157.3024
-176.1687
153.1479
165.3222
146.8680
111.1695
170.5354
-183.1263
80.0215
130.1102
160.2384
-170.0646
112.9458
-173.0284
136.3428
129.4322
-170.1238
85.6580
148.9467
83.4414
157.8918
108.1413
153.5003
189.1661
161.4450
120.4445
171.7534
160.5160
167.4919
158.2591
157.7413
138.6857
-177.2996
91.7270
125.4551
-26.5043
-177.9862
114.0557
160.5136
194.5235
94.9727
-165.4894
121.0146
-184.3603
144.9590
-167.0717
154.0161
-169.5181
188.6839
-192.3946
129.8517
190.1359
120.3540
92.6350
99.6937
-184.7250
133.8375
173.7884
84.9275
138.6303
178.6125
-165.4419
-74.4070
112.9076
173.8226
183.8350
130.9567
-157.9557
112.6534
128.3007
-169.1159
112.0819
108.0882
137.5964
-174.7117
149.8372
-169.9138
180.4985
101.0644
97.0395
119.1726
162.3552
130.8997
178.5061
164.8394
126.6267
144.3424
129.6628
181.3551
186.8962
156.1590
-93.2404
110.6688
156.0114
166.3632
183.8098
121.9278
160.9266
148.4660
-161.4842
-90.1644
116.7101
86.3788
-179.6979
-90.7813
-49.6288
147.3480
135.5322
143.4038
127.8699
85.9297
127.1397
105.7120
136.8684
-181.1387
-154.4230
-113.5828
129.2326
145.7122
128.4443
180.7953
170.1711
102.1505
143.6392
-152.5055
179.5923
148.8133
-148.8215
141.4709
155.9347
129.7804
128.4859
131.4095
97.0571
173.3963
174.1755
-172.0238
-169.8226
-157.2157
-87.7794
123.3466
-165.9911
108.3224
-89.7229
180.1745
156.2890
169.6328
119.9672
186.2332
110.9715
-98.1313
161.9676
183.4801
141.0802
-170.6274
73.5380
104.7785
-92.7348
157.4472
157.7231
192.0306
138.5074
168.9409
95.1677
131.1754
138.2716
72.8158
171.7414
113.1181
126.4209
-161.6706
96.9547
155.1878
143.8563
86.6738
152.2567
76.6816
100.9256
164.3279
173.4595
164.2797
-95.5666
109.9627
155.3861
107.0641
169.6264
200.2498
-155.1545
150.7211
172.7422
189.8615
174.4432
-171.8558
126.7825
-182.0955
178.0724
144.1162
124.5178
148.3212
159.0875
-175.4616
153.8672
-160.2110
108.0387
110.7777
124.1318
138.9090
160.0298
-171.3255
-162.9060
170.7527
102.7017
98.2927
-170.8124
174.3515
81.8577
126.0763
169.0916
146.2122
-173.3619
164.6975
103.6871
167.3945
144.8447
-171.7930
149.4559
126.9836
135.5029
-168.5228
89.5757
89.9193
114.8401
104.4586
156.1296
144.1500
169.4162
114.1926
-153.7455
109.3983
103.9094
160.4801
152.0600
191.6157
121.6775
110.4128
84.5860
99.1871
-146.7626
179.7397
193.6009
159.4370
150.9006
162.7019
156.8064
-177.3415
152.3827
182.4797
-114.5179
-146.2142
120.5425
-176.8277
152.8233
-167.6145
125.5262
122.2454
187.3217
119.6737
117.3973
149.7281
92.7186
88.8018
184.9254
-86.3281
128.5380
129.1125
181.1023
143.6341
158.4921
99.5025
155.4215
78.3557
116.1456
168.8067
142.3679
134.7852
132.1330
-99.4149
110.4248
-161.9601
122.4970
169.6692
-181.0755
151.0321
-101.7993
125.5183
127.3751
176.2773
125.7434
127.2153
95.6143
-50.7007
144.9426
121.8578
159.2041
-166.5654
-176.1724
149.1844
111.2561
178.8041
174.3668
-78.0955
-171.8509
130.9556
150.8287
-196.1735
161.0872
136.3864
-86.3900
155.5661
132.7043
160.0174
145.7008
-166.0449
130.1209
105.6216
142.2675
95.8239
180.5081
136.1905
-163.3359
144.4826
160.7275
-183.3225
163.8864
-176.0593
176.0549
-96.8314
-155.9029
137.2128
171.0247
135.3207
105.1625
117.8705
72.2814
-177.3055
182.6344
120.4812
73.0327
-176.7487
185.3837
-98.8116
-167.4257
161.2840
119.2921
-174.1651
-127.8252
191.4034
-189.5741
175.1345
99.3891
108.3113
148.2781
114.3464
163.9960
-155.9227
87.3362
143.4603
159.8050
122.6493
146.7243
144.2032
-86.2598
142.7846
120.9934
169.2297
86.9233
-134.1675
166.9266
146.2670
130.2085
-182.8734
155.7936
166.3354
141.7125
139.3468
-100.3814
170.0594
-174.7055
171.7293
166.1277
152.6455
73.8411
173.9070
155.3176
180.7783
-155.6954
100.0142
163.8960
116.6667
111.7294
-156.5977
174.0418
122.3044
132.9863
105.0072
133.9868
73.6814
-182.9741
152.4280
-184.8640
120.9916
79.2691
161.0514
89.3714
-83.0466
109.3148
-99.9555
-168.5232
112.0963
108.3434
117.9661
154.4371
172.1809
-196.1266
104.0576
120.8319
136.4516
-191.8900
183.5958
165.6407
123.4660
163.9038
149.3166
115.6092
-129.1357
103.7040
-146.6333
105.6478
-100.5848
-95.2151
-180.7803
132.0957
163.8677
94.6656
174.1679
100.5220
116.7798
-164.8670
181.2544
154.0340
122.2914
146.0342
156.3581
157.7499
177.8034
-176.2437
-179.2043
-183.9387
176.4430
129.4700
109.0438
143.5119
-175.1718
181.1921
-173.6807
-179.0801
167.3866
160.1082
132.2326
153.4633
-188.7448
179.2866
161.2068
-168.3400
141.9274
136.7502
-170.0096
-121.8723
-80.0958
-182.5081
190.8948
125.8960
161.3966
146.0038
194.6400
146.6696
95.5992
91.7413
154.7982
166.1519
181.8016
202.7374
-91.3639
174.4324
186.1954
126.5729
156.8762
185.9520
146.8869
150.6740
138.1438
132.4460
193.0106
170.2632
177.9326
162.5136
167.2376
143.7802
-167.6415
96.5199
-160.9608
154.4240
107.1214
136.5603
-161.7361
156.3059
149.3809
160.3280
95.6601
164.7467
138.9089
-173.1545
-182.7574
152.3351
158.1261
-165.2365
-146.9889
129.9643
128.1631
-88.9456
184.0922
95.7448
195.9172
151.9996
104.4182
141.7361
137.8826
173.6617
121.6096
-128.1537
-173.1260
152.2940
150.9275
170.3543
161.1783
-166.9055
150.1410
148.1765
-109.5083
152.9094
-173.8505
-154.1745
120.6015
-176.1940
167.8094
-98.3247
142.2154
-164.0940
148.8492
111.3080
141.5468
153.0187
120.4925
127.2253
115.2236
195.9271
142.8033
173.7175
128.8391
121.1049
79.2682
112.0148
176.0865
129.6331
-91.8373
178.8438
-100.5672
168.3809
153.8283
118.1141
-159.7432
155.9641
-131.7151
80.1720
128.5378
-165.3273
176.2216
102.1323
-172.8491
-42.7480
-180.6229
114.1092
176.0121
148.5048
155.4810
-188.3070
158.0073
121.5540
68.7305
154.2118
-59.4881
114.2733
138.3479
142.2226
101.8552
139.9733
-169.9363
116.4171
116.8901
145.5315
-177.5138
96.4518
117.0279
-177.2787
-192.8489
144.6332
103.6267
105.2941
134.1620
147.5977
130.2983
159.2470
157.1261
-87.9859
167.1333
122.6818
152.7359
126.3533
-177.6790
128.1079
103.8487
181.7551
144.0345
173.6556
171.6908
-153.3162
154.5800
-162.6259
116.1963
-108.0806
149.2657
-173.8510
96.0720
137.2547
-172.5715
-173.9418
143.2921
139.3789
-170.7384
-68.7148
108.5516
129.9053
125.2049
139.5922
-163.1680
160.4170
189.2915
165.5217
157.5820
161.8102
129.1042
149.7971
-93.6384
-174.1231
138.2685
-173.5963
103.6139
-159.9081
114.4868
177.2763
186.3409
120.9169
-148.9450
197.5263
169.2916
-189.2765
140.9565
-181.9985
103.2028
175.0202
114.2057
138.4934
152.4466
135.9961
174.5857
159.1944
147.0146
110.5622
167.9804
-163.7101
-158.7187
109.1676
137.9300
136.7511
171.2179
131.5372
73.2758
94.2755
-181.1030
144.1679
157.7549
148.9754
-145.3480
116.5905
148.0399
110.8971
166.5014
147.1523
-152.4868
-182.4740
143.0305
130.9001
149.2944
174.2898
186.1518
-184.9262
-97.1250
-188.0317
114.7407
-116.3249
-170.8327
126.7685
144.5217
167.7612
143.1123
43.1362
178.4211
166.1587
-168.1635
89.7010
-159.9441
145.5290
-175.3448
-160.3893
159.8068
-174.2654
154.9374
137.2700
-155.8910
-170.9214
135.6107
106.5702
156.6951
109.4770
181.5756
96.0976
140.9177
-171.4689
134.9437
115.2971
-168.1202
-163.2810
152.5124
171.2398
148.3819
113.2186
153.9411
142.4075
131.0934
162.5718
130.4017
-107.2542
-153.6901
174.8233
190.3702
123.0920
-180.9071
-182.2646
163.1637
148.0661
120.3465
157.9701
138.2823
154.8338
-171.4205
43.3546
97.0562
144.7677
98.1673
-48.7977
181.3289
161.0079
153.3769
97.3721
-87.7898
139.4904
128.9725
148.2086
-173.7356
107.7915
141.1118
170.6904
115.5588
135.4931
90.3909
-176.2112
178.6775
175.6629
-175.2091
-104.0473
128.5077
122.4938
150.8738
149.9596
141.7731
162.2079
96.9938
174.9452
190.7333
110.8421
123.8362
-179.1765
94.5970
134.7551
172.5207
-180.8137
136.2551
194.3882
116.4611
178.8524
-163.8390
86.6678
145.7013
135.2040
-93.4158
-164.9758
-172.0151
107.0703
161.9840
115.4304
153.3745
119.3623
166.6532
117.2474
-173.0466
-172.8568
-189.6018
136.7958
138.1964
157.7813
125.1885
154.2966
182.5965
119.2434
160.4695
129.1461
116.8903
173.6387
133.2546
117.1569
-176.4559
-180.3699
121.8145
-160.9638
114.3782
182.0898
96.3333
-169.6716
116.4446
-161.2995
204.2223
123.6508
107.6602
106.3401
178.0011
131.7952
-161.5161
144.2763
113.0721
168.6601
143.1044
127.7028
-179.5764
147.7168
127.8370
168.7039
150.9597
153.2260
130.9296
117.6672
121.8465
-53.4048
179.3284
170.8720
106.7485
-166.8343
64.4799
193.2298
95.9409
128.5407
166.6619
-95.0140
164.1343
148.4821
128.5169
148.1107
-163.5151
170.4566
135.6626
131.2224
169.3912
102.5025
160.7370
131.1751
133.4836
153.8056
143.4383
-167.5543
175.9020
-182.3062
-97.5918
176.3037
-180.7897
-65.7213
95.5885
135.4133
105.9017
143.4670
117.5992
79.1027
97.6920
111.7108
187.6985
141.6273
123.1100
158.7118
-155.8161
173.2282
101.8711
113.4330
-155.7370
-162.6199
98.6097
-177.9766
135.5801
174.8913
89.9810
161.1484
177.5576
-172.5238
129.4781
147.7864
180.9903
178.5409
90.7512
145.3037
179.7975
131.0525
133.7058
140.6249
-90.1284
134.9521
151.5662
124.5720
109.0537
-171.9620
145.1143
162.3584
-165.4524
121.4939
135.7237
167.1879
-175.7065
130.6268
-168.0777
166.2110
-74.2368
116.9701
137.0897
195.6985
-176.3684
-182.3066
158.3859
-187.3402
182.9947
121.8071
169.4042
-152.4938
137.6893
94.7348
168.5872
-68.8904
96.3204
-178.3767
153.6187
-184.8820
70.0661
-76.3030
141.2443
139.6140
157.1449
147.1073
168.8643
-167.8981
160.9293
-186.0019
144.9846
111.6268
-147.8922
109.2658
144.9546
91.1415
-140.5845
162.2743
159.8893
128.7869
146.4181
101.8775
168.9230
189.3957
152.5987
124.9558
-177.5050
107.6204
-161.8565
121.6914
169.0488
-184.9222
119.8486
141.0801
96.8575
140.6657
-176.4664
159.2739
-162.6191
164.5235
164.0285
120.3091
109.3266
176.9455
182.5203
125.2787
104.8732
163.6906
-136.4843
88.9551
159.8605
167.7966
141.6652
115.9642
-172.5284
123.3187
164.7747
-167.5813
112.2042
111.1724
181.9113
151.7451
169.1654
166.2668
150.4889
-169.4420
105.6268
-127.8645
171.3142
155.8061
156.6067
108.1005
138.8175
138.7894
113.1250
177.7027
100.5863
-171.5064
-164.3562
-171.8752
145.7019
121.8010
159.0670
105.0170
-166.1259
-151.2163
75.4508
170.9857
195.3270
163.0086
-107.7706
-158.7683
164.4135
159.7047
-153.7416
161.7051
124.5976
-122.2783
184.8031
-175.0446
117.0469
158.3877
175.2766
115.0236
145.2355
115.6161
118.0752
-105.4421
107.7109
163.7722
186.0698
96.2460
-63.7389
141.7510
172.2848
108.4091
-180.7906
133.5711
146.0654
88.2624
139.6991
102.1617
-158.9044
170.4285
-162.8911
144.6934
143.4826
126.9229
103.7758
-183.1472
164.1235
-169.6393
-78.1615
-167.7010
171.1408
-186.4293
167.7623
123.6949
172.3823
-170.2805
169.4336
83.1641
-165.8027
165.5208
-98.3188
125.9575
-108.6133
-169.6163
-175.6770
-168.1069
-172.3596
175.9322
137.6511
124.9551
137.9492
101.8302
163.7510
-144.2862
-163.4465
147.9429
167.5760
135.4170
152.7147
128.1135
-164.2505
153.5054
162.7142
103.4834
98.0069
153.6540
165.5905
163.6535
161.2678
-169.6211
165.3759
90.1218
145.7146
130.0211
172.4154
137.3044
115.7172
-193.1515
166.3292
-171.6597
131.9506
117.4227
141.3246
95.8575
102.2568
141.5225
188.5543
153.1147
116.9857
-168.1912
171.2838
68.3518
179.8985
113.0926
154.8455
137.2923
-91.1045
-182.6772
163.9419
140.8848
174.3670
132.7770
106.9968
151.0631
165.3757
164.1196
-170.5915
-199.6725
167.2146
153.1730
126.7098
-170.2494
172.0468
137.7134
156.6383
152.2332
147.0278
150.7998
153.5445
138.9606
141.5965
-169.4590
93.9440
-92.8677
111.4998
138.2911
169.3161
-198.5561
122.1391
136.8653
-178.8794
-175.1575
125.9375
180.7668
-193.5181
114.4652
168.4197
-174.2717
-173.7101
111.7380
148.8528
-168.1146
175.6515
157.7981
-174.4808
162.3918
144.4112
164.9371
-95.0111
-161.0191
199.6121
86.8263
122.9827
-177.2620
132.5157
158.3129
133.1120
180.9400
123.7795
145.9720
145.3245
-185.0020
111.3487
135.1867
111.0018
124.8382
184.2469
164.3462
150.2762
179.0251
-169.4293
127.9906
168.3394
-166.0807
-61.8761
111.5600
-163.7798
-167.4936
90.8798
180.3074
146.2740
160.1689
80.2534
105.9566
187.1727
140.5747
159.8717
132.2341
126.4647
92.1541
180.7203
111.3258
172.3140
148.9095
-176.0329
127.6249
-163.5821
-188.4029
132.7741
128.7621
-177.8805
-107.9072
111.2646
143.9850
133.8320
180.9515
157.8826
-178.2506
108.7567
188.7927
-108.2016
-69.9866
142.4702
-173.5512
129.7890
-159.0763
163.5197
-168.1563
-156.1462
-176.9498
148.5154
171.9903
-162.8197
87.9846
110.7047
-163.4686
167.1547
170.4450
142.3744
157.2917
-194.2281
134.0859
-204.0450
-193.3620
179.0867
-180.5762
134.7549
184.4099
-151.6081
70.0139
81.7724
-163.6702
133.3147
135.0516
-156.9656
87.1242
157.2893
154.9267
166.8499
150.6204
186.0718
135.2605
146.7615
104.6801
-167.6595
142.3485
141.7246
78.4402
148.9850
158.8869
141.2277
-157.7812
-173.8616
-150.3600
173.3932
135.3809
-158.4646
-154.3874
98.4606
-188.3210
164.8355
-169.8034
149.3575
-163.2444
-173.3162
-166.7383
93.6104
141.6054
141.7354
148.2279
110.9695
-101.6343
166.8570
-128.1665
139.1652
116.9847
72.8864
-167.5654
177.1011
160.4517
-176.1001
133.0810
160.5374
133.3852
167.6194
89.7568
-177.6202
140.3142
170.4084
-175.8163
-160.6477
95.0866
157.7273
168.3459
-162.3972
180.9754
-189.0512
172.1786
142.5267
140.5936
-167.2247
121.3129
116.1179
176.5828
167.0022
150.9191
-165.9259
-155.6911
-157.0875
145.8002
166.0500
151.4139
-164.4788
138.2100
89.7841
-171.2829
163.6921
-171.1874
131.1493
148.3347
72.2005
-193.6921
-172.7286
152.0385
154.2433
146.4264
173.2374
-162.3183
-59.1900
141.5699
165.6791
104.2068
-160.5613
158.8202
119.1665
148.8341
149.1595
166.3204
133.5354
145.5816
135.7170
145.5850
-163.6730
136.3926
144.1709
100.7001
136.3453
175.5339
-173.2906
-182.6314
168.3683
155.5490
118.1375
114.2144
-168.6676
152.5203
173.9957
145.8606
-97.2892
167.2840
129.1578
-189.9847
111.1030
-91.2077
150.4778
173.1491
177.1321
148.6115
-166.3756
-108.5173
122.3934
142.1881
-161.9126
-173.3588
158.5790
148.1480
88.5985
-163.5715
149.4555
-170.6055
180.3175
129.6416
-176.2139
116.4195
167.3313
126.0761
121.8169
-104.7958
155.0745
175.9907
160.3582
114.5429
-164.7193
-148.8572
119.0016
-169.1721
151.4887
-126.4325
179.5144
107.2050
171.0399
143.7988
155.7154
173.9675
-169.0170
117.6061
101.3193
134.3441
-166.0450
160.1727
135.7931
-168.6352
-178.4338
117.5879
184.5625
68.2661
181.6002
133.0843
172.5659
-183.3198
110.8971
-160.3723
141.1086
-156.2415
-78.1588
98.6004
182.1010
167.7018
179.0168
121.0476
87.9322
98.8619
188.6662
107.2836
-172.1384
123.6529
116.6114
149.5984
158.5633
173.1176
144.1145
-166.2037
-173.4210
127.7350
143.9313
203.6277
-185.7995
-158.1139
95.8781
-103.3404
183.9407
-190.7454
169.5959
90.7410
-104.2201
142.1271
122.8095
123.8488
130.0364
171.0627
-171.0536
109.5730
173.6407
-182.3549
162.7073
-169.1989
77.5594
170.7249
152.9421
117.4492
135.2754
135.9184
164.6371
121.0007
157.7945
-174.4847
114.5403
-148.8919
125.5677
121.5381
155.1286
-91.9229
138.9615
-167.0738
147.2890
165.2511
94.3062
107.3961
105.5191
-179.5547
-160.7769
-172.1385
163.4270
-67.0994
163.6240
164.8326
160.9294
120.3874
138.6177
93.9326
190.5536
-164.9480
104.6588
148.0840
115.5209
-162.9776
108.3950
182.7057
171.7484
-164.8994
-163.6666
152.1207
99.6348
-176.9347
161.7165
124.1136
95.0643
66.3470
124.4498
184.3343
159.5378
175.2603
133.2116
143.3842
-147.3243
-181.1073
-177.3378
113.9138
176.7814
-181.6981
145.4806
-104.2789
116.0026
-165.1319
-186.0365
109.1224
128.2374
124.9281
170.0672
118.2573
124.1317
114.1579
-180.6679
146.4102
-173.3117
132.0958
157.0989
123.2408
135.9426
173.4631
150.2254
169.0144
186.5865
133.1926
-180.0854
71.0384
-141.1528
112.5888
154.8271
182.3954
-176.9382
141.0015
-89.9390
165.4405
138.1901
-184.3648
137.0776
175.0909
167.5983
109.1079
74.3624
128.0675
114.4016
117.7305
142.0389
145.5469
-177.0520
140.8022
-177.3217
135.4093
-169.8583
-169.6991
-168.9192
182.8095
100.6915
150.8714
154.3997
147.4006
107.2984
-191.6546
149.4940
-151.3630
127.1320
121.2886
145.7188
133.4041
164.6790
157.1531
155.9359
130.1119
-129.5505
143.3092
-177.0878
89.5464
-174.6382
186.9022
168.5414
92.0084
-164.9297
-43.9135
175.1922
126.2258
141.2091
-173.7280
124.0082
156.7584
-153.7543
92.8583
-176.4493
128.3040
74.9763
177.9181
163.5286
143.0684
164.2686
-37.6575
119.1961
137.4555
107.2625
135.2809
181.1664
104.5963
120.0193
120.5046
171.5194
-176.2724
113.4706
191.7125
-162.7522
119.8136
150.3751
127.3919
131.4711
190.5069
-176.4772
97.1957
91.7267
177.0507
121.5222
-92.4282
179.5014
116.8736
-162.0437
150.9797
145.9333
101.2577
100.6396
-171.8687
118.0456
145.3558
-94.8091
172.0218
141.1236
155.1284
99.9275
108.5028
154.6352
131.7109
150.8655
144.2394
-180.7512
-150.7276
124.8073
117.2142
137.6004
175.4855
81.5454
125.8113
114.0764
180.9272
134.5549
150.5304
109.5524
97.6375
93.1577
168.1352
-85.7683
-165.6388
-162.2529
179.5942
127.7271
96.7356
169.5520
116.6178
158.6408
99.5668
-188.7545
177.0054
113.4285
175.6347
-197.4616
166.4110
146.0196
166.0786
-171.0694
106.7181
-180.3961
110.4958
147.2473
185.9549
-92.8240
121.9544
137.1010
130.5732
98.6089
160.6586
166.7498
-173.0613
148.4668
139.0416
-167.0242
150.9857
114.0922
105.7445
-98.8143
172.2137
137.0632
102.3656
-164.0748
182.1312
122.9327
-172.5770
149.9629
-169.1111
-161.4994
95.3452
164.6942
119.4266
177.0121
104.3468
97.9347
165.5371
152.8585
189.1354
149.6576
-184.5545
166.7235
155.8105
93.0892
146.6243
107.1762
158.3212
127.5719
-148.3835
160.4422
172.4727
-172.8429
154.2194
-151.6540
161.0516
111.0504
95.3575
151.1791
-170.9034
-171.6121
-157.0174
147.0590
-149.3012
-187.0814
181.5501
179.3204
110.9816
-73.1482
176.6558
123.1618
101.1508
156.7695
144.9551
187.2661
162.8580
107.0943
-176.7872
-158.1859
182.0732
168.6411
161.4227
-177.2940
-170.6829
146.3105
-161.0702
172.0387
163.9342
130.8425
133.9464
169.2085
118.4576
132.4191
180.5098
-151.1856
-156.9992
172.8706
68.1782
-187.4422
103.1394
110.9657
156.6621
118.1788
-174.9546
105.9864
-207.5688
136.9965
181.2718
-84.7394
162.9039
162.6871
112.8144
160.1740
106.2530
166.2189
185.6235
124.8024
-163.5397
130.5019
122.5018
101.5627
98.3530
-179.6579
166.3476
-152.2625
-183.2571
163.4597
98.4723
124.7657
-155.7246
137.9265
168.7821
104.0194
-168.6406
160.8540
-174.2860
-159.5604
143.5513
179.2026
169.9633
-176.0217
164.2496
124.7822
124.9027
-159.0779
165.1192
95.3616
151.2524
86.7107
148.9128
178.5387
162.1534
-150.1458
135.5049
119.6691
-167.7784
136.3677
-160.7871
158.8226
-89.0147
94.6091
123.0978
-90.3605
150.8322
176.7569
130.4841
132.6423
116.9312
138.0748
112.4287
168.0411
119.2087
140.0890
113.2192
-110.5707
-168.0878
101.2164
164.4077
-111.7024
125.0535
-173.9179
139.2952
145.4423
179.2444
103.7394
122.7884
174.8128
111.2219
147.2600
-171.2216
136.4684
-176.4112
-170.1078
-179.5119
-177.6190
168.8097
109.5189
191.6422
123.8754
146.8301
-162.6147
123.6395
-181.9816
172.6289
-106.9542
113.1753
170.3146
105.7479
123.2990
143.7919
114.2981
119.6113
150.3326
151.4348
189.7340
172.1713
148.9719
95.5370
-126.3143
-143.7195
177.5842
156.4180
-166.2804
-165.1308
-182.1235
-178.2985
152.3367
163.1118
-159.6371
140.8805
173.5443
-186.1278
147.1593
-184.6589
116.9939
152.4470
146.5787
156.6305
181.3597
148.7943
167.2007
111.2487
134.5371
175.9132
-165.7080
-164.6945
149.9205
150.4451
184.0501
134.4121
118.4352
121.4546
126.4095
123.9305
-84.0058
163.2476
181.8996
127.1256
161.7311
153.0197
-162.9061
101.8623
143.5805
166.5365
114.0950
90.8330
111.5941
179.9321
157.5498
153.5211
-179.2512
135.8086
131.2057
-127.1310
-175.9178
141.4980
-110.1297
127.8785
-163.1645
116.2648
161.9303
172.2432
146.8350
171.5075
106.0333
-102.0147
-172.1765
174.0680
115.0521
-164.3164
169.9025
-104.2411
126.4101
108.5093
158.4571
87.8398
146.0360
147.5003
166.8377
-174.9658
91.6692
160.3861
139.0366
-124.1680
150.9935
86.5135
125.2085
141.0241
100.9113
155.2371
-188.2821
93.9696
136.2435
128.4203
-178.1874
-184.1624
118.3289
114.1235
181.5432
106.3885
166.7396
161.6161
-171.7471
-147.1058
150.0845
143.1132
125.9983
118.0150
151.3776
189.7771
-158.2267
131.8166
180.9574
-155.6642
131.6914
-34.7685
-167.5082
144.1282
-33.7887
110.9184
118.0486
88.2255
136.1354
120.1477
130.3417
104.2311
-155.4323
-160.1397
-84.0064
178.8301
121.2690
117.5550
126.5317
-161.9815
55.2594
-165.0285
178.8382
153.3068
132.0635
167.4300
121.5828
129.5642
-179.0173
183.0245
79.8512
159.7517
114.1493
119.9624
158.2459
180.6071
167.2463
127.2380
115.8974
110.0043
161.0093
128.0750
-147.2719
-171.5194
-175.7529
-177.7665
-172.1500
99.9206
110.7706
106.9599
-136.4607
164.5131
80.4451
-86.7086
141.9913
126.3536
117.9851
128.4073
148.2659
165.6164
142.9033
174.6958
68.0942
106.9897
189.7653
166.6084
112.2273
138.8685
161.0105
-176.0938
167.1532
160.5165
97.8910
107.3162
-174.0678
-98.4857
-170.0023
130.9820
177.1799
154.0587
129.0468
168.4358
-166.2748
-63.1334
-174.4983
152.9743
-172.0021
108.4856
-169.7754
156.4339
159.0857
128.1513
156.5169
130.9350
152.5810
126.0809
162.8615
-166.2792
99.9844
141.7978
97.2653
160.2504
120.2627
105.1775
164.3393
-181.3196
132.6357
171.0658
108.6958
154.5603
153.0318
150.2646
169.6624
-174.9292
159.3280
161.1080
-178.4324
161.6618
169.2937
-181.9335
184.2298
144.4484
152.9711
107.5256
103.0404
177.3914
-203.3437
183.4694
144.4344
168.5391
-119.0764
169.8456
175.6745
98.3207
147.3468
133.5999
-191.3041
-134.9251
85.6146
-179.8019
162.3144
129.6597
139.8209
129.3426
171.1787
195.8337
108.2052
126.5609
179.3815
173.5809
-161.1641
123.1839
106.4985
166.2838
-178.1339
142.0574
171.7958
146.9084
169.2602
163.5056
95.0247
154.6226
147.7233
117.3834
137.9433
148.0020
174.0428
186.4038
129.0207
-183.1357
153.3176
174.3406
145.1586
149.1155
82.3973
181.8948
-178.2666
168.9320
-170.0710
169.0087
149.1875
-175.5659
132.8401
158.7545
-182.2722
177.6515
136.5120
107.6575
122.9125
145.7659
-169.4251
-165.9348
169.2677
79.0426
170.8048
171.1525
157.0997
78.5147
-40.3405
-170.4455
-176.1892
142.2245
99.4190
185.7491
127.1263
178.4487
184.6435
173.8165
189.0729
141.3260
143.0004
111.4875
129.9912
158.9551
149.8461
120.1173
-187.3982
117.8343
142.8925
-116.2714
137.9444
120.6628
171.6144
137.4564
130.5731
128.8827
188.2805
158.4025
-178.2969
187.0683
114.0649
182.8463
112.0842
116.2841
-154.0579
-143.8523
144.4169
-176.0939
106.9264
-177.1453
132.8457
-167.5431
89.9508
129.9261
181.5543
90.5044
-70.9167
-165.4957
134.1173
177.9898
-149.7626
140.6058
-36.8744
143.4540
-87.6312
70.0651
115.8720
131.4112
167.3596
172.9724
111.5629
164.9152
177.8782
183.2045
145.0096
-102.6390
102.3100
111.3796
-184.6619
-168.1789
185.8934
-147.2219
-188.3961
-157.2239
132.7853
151.2324
99.4458
145.7649
127.8608
142.5802
75.2055
165.6356
122.9730
169.9717
146.4979
-157.7101
164.4357
162.7752
136.9040
111.0292
107.4588
188.6118
116.8462
88.6189
142.6414
163.6084
-148.6474
104.6323
157.5025
104.3869
-168.6715
-147.5156
165.1493
106.3397
-170.8870
157.7862
115.9822
161.5836
120.6059
-167.6609
142.0054
-176.9479
92.8946
187.0082
162.9909
103.7188
124.8171
126.3979
-183.7502
-188.3588
-98.6314
123.9469
96.3514
139.4417
169.1473
129.2235
77.8949
-193.1940
185.2256
-177.7986
133.7945
164.2710
153.1505
122.1215
149.9638
113.9302
138.9809
187.8843
142.6529
123.9091
153.0371
138.1955
150.0575
-162.7457
123.8552
152.6644
118.7656
157.8198
174.5075
132.5762
-169.2345
174.2312
143.1090
137.5488
114.9660
121.2954
-181.6599
170.1733
147.8277
95.5530
141.1055
93.7956
81.3690
-157.2906
149.6685
128.4320
145.5445
172.3907
171.1505
109.6796
140.1752
148.2851
96.4019
147.6832
147.2481
188.7297
-173.4034
125.5031
113.0690
186.2599
-154.2174
94.4976
149.1944
155.4635
86.4572
185.9338
127.6996
-147.1364
144.7296
135.2083
142.0568
160.2049
-79.8512
116.1662
155.6560
124.4711
114.3489
123.0158
-175.8384
173.3032
124.8545
148.0735
113.5183
-169.6598
-161.0222
85.1584
177.1315
127.9123
-182.2218
109.6440
108.4979
-108.3762
162.2680
-138.5742
138.6721
135.4166
144.2877
182.4268
-160.8898
-170.8275
159.4766
-187.3385
112.7623
-160.8622
134.1344
-90.4541
155.2224
-160.8130
165.1211
167.9944
-172.0347
95.0641
170.6661
189.2161
187.5736
-111.2136
100.5286
154.2421
115.3797
-147.3407
129.1873
126.8977
182.9361
-176.3576
134.3191
-163.8650
-166.3488
150.1364
173.9681
146.2062
129.3245
-159.7014
152.2441
143.5298
165.6968
167.5287
-185.0678
92.9079
172.5360
-167.5421
177.3037
-159.7727
143.3947
91.0189
-186.8712
106.3821
176.0205
89.1558
145.6937
124.7030
177.2596
-107.1631
126.6873
185.9438
166.7909
-95.4622
89.4250
-54.5745
-161.6267
-182.3883
104.4496
-157.7529
178.0115
131.4840
141.3756
160.2381
123.9588
163.9732
168.9030
167.3784
105.5296
168.0596
147.6239
105.0717
168.9502
206.2932
-94.1461
-139.6909
-188.3551
-159.8695
122.3894
107.0127
94.7726
-174.2399
149.1851
106.9977
166.5092
-148.4218
131.8516
-163.6240
-65.7499
180.3902
-160.8633
115.3871
-166.6202
159.6267
142.5087
-176.3575
-157.6020
132.7707
-163.9283
121.0048
162.9762
121.6394
-118.0086
177.6742
153.0876
100.9661
156.0839
79.1377
131.5221
105.9516
111.4248
136.0389
115.8583
177.3807
104.6764
161.3602
170.3247
111.6155
173.8475
98.7580
168.9436
190.3251
129.3269
120.1620
155.3711
-178.0571
164.7786
152.1868
193.6747
123.6480
95.7125
142.4912
93.9258
178.5892
101.4565
167.3875
129.4197
121.8425
152.6382
126.4703
150.6515
-183.4427
164.7905
178.5803
131.7320
164.5482
125.4373
155.0346
173.5013
-156.9320
-165.9444
122.7198
-171.6245
109.1119
132.6238
179.4004
129.7545
-177.0804
89.6095
111.6569
-178.0640
152.3781
-173.5213
113.2034
-175.5603
-175.1780
-157.9534
74.6808
-66.2402
185.0361
133.4552
177.1174
171.6349
-158.6077
145.4856
-175.1430
155.9323
-85.0242
117.8321
107.5126
-179.8842
-163.2227
97.0538
86.3665
173.2299
123.4992
145.9570
107.6129
150.0210
142.0043
122.0465
-170.4814
-179.7174
187.3584
-183.6173
119.3922
75.8969
149.8955
101.6195
119.2942
156.8455
106.8620
99.0185
-48.4554
-104.8512
-165.5775
98.0375
176.8837
139.0433
107.2949
-78.3079
-190.2534
169.0850
152.2196
141.9537
-180.0204
92.4888
161.3360
101.1260
161.6155
-161.2050
139.5262
100.1388
168.0904
161.2095
174.0616
-169.2161
176.1261
159.9172
171.1492
-161.0877
157.6660
169.3304
180.9499
-80.6547
114.9914
182.5130
115.9850
-60.2287
-187.0903
-88.9025
173.5795
-191.8890
-190.5043
122.5322
165.8337
177.0883
129.0747
173.1024
-167.4140
-117.0661
99.7449
139.6453
87.2006
158.7348
119.1176
-159.8747
128.2167
154.9035
187.3279
179.2613
-171.9948
166.9539
176.2333
-155.6348
-192.9630
-86.2396
135.4546
135.8361
148.4684
-187.8142
129.8895
126.0469
159.0196
136.2576
114.7778
163.1865
89.3854
138.3210
87.1914
-182.0445
166.3391
-174.4549
-172.5846
117.4836
167.7046
144.2344
127.8879
187.3949
-98.7476
-173.0647
182.8049
127.2845
131.0714
84.3139
-144.3886
-89.8579
164.2990
-185.1549
125.2699
164.9646
154.4769
144.1016
188.4888
160.8963
123.1447
97.7504
-50.9982
127.1328
-92.3067
133.3866
132.1628
142.7675
162.6973
128.7741
181.4288
103.6762
89.4813
150.4983
99.4000
-193.9461
157.7107
136.9585
142.6136
164.7047
183.3686
148.0051
150.1399
152.7250
-157.4873
135.3416
-165.4124
86.4031
172.0425
-191.4555
159.4914
172.9109
117.1125
121.1294
78.2322
132.9565
114.3143
131.5318
138.0539
-173.2551
-173.6738
-168.3902
-190.8580
180.4890
99.4543
159.6620
-168.8274
186.6676
131.5075
-156.7943
147.0131
-181.7348
-169.3084
-157.5677
113.7035
104.3435
163.7117
111.1435
163.7569
156.0566
151.3320
139.6288
-168.0476
121.4894
128.1442
90.1255
-144.3633
161.0921
166.7195
143.9397
-98.0307
92.3750
-185.0068
115.1095
188.5211
159.0674
143.1970
-159.8151
137.8702
149.1473
165.6766
-85.2512
-178.5927
-100.6585
168.1928
129.2843
143.0337
102.7304
-177.6837
97.9574
178.5181
-90.7107
-176.8650
110.0344
164.3265
-159.3175
120.3380
-170.8705
134.9824
174.7278
163.8608
-182.7450
-131.3617
124.5504
107.3885
-190.7013
-192.4195
-92.3535
154.5888
144.8844
140.6337
-173.6178
159.8647
122.7053
97.4851
147.0930
182.0849
-196.0217
-80.7645
137.8892
146.4412
126.7045
84.6950
138.8983
-160.3065
183.1699
163.1391
149.0829
186.0751
-175.1338
-157.2413
134.0708
97.9111
140.8174
-173.8675
154.3618
125.5219
-80.3203
-170.1440
113.8131
164.6894
-162.7924
78.6775
-175.2429
137.4658
126.7319
113.8110
-160.2415
-178.1675
92.1465
-153.5414
-171.6961
103.5165
157.1661
94.7578
96.3972
128.2437
-177.3613
187.6262
-179.0076
-129.9222
124.5138
127.9345
141.6084
107.4048
147.7205
149.8159
165.4285
102.7110
138.7281
144.0570
107.6173
-205.4469
-164.1654
160.3598
-168.9250
-145.2109
164.7339
-174.8484
148.2519
100.6879
107.5432
141.4522
180.0185
-151.3313
187.7329
118.8215
-78.9262
-184.6064
127.1142
187.8096
162.8206
-172.4215
-194.5659
140.2190
72.5183
161.1787
-84.4157
187.8282
184.2461
165.2594
156.9626
118.5416
141.9533
127.6955
116.5691
102.7203
191.2302
122.2799
-155.7036
151.0717
126.6863
161.7546
-163.4867
-151.0492
83.9543
152.9981
88.6382
-175.8910
177.9029
126.1812
148.9776
106.3415
-189.1661
131.9842
-150.8830
176.3412
169.2034
93.0391
146.7759
78.5900
-160.0339
-175.2412
174.1153
173.1919
-161.3669
131.8345
113.8885
-171.5568
155.6165
165.6649
103.7360
-175.6959
-177.0962
179.6974
152.8079
111.4610
148.5093
178.8761
128.4769
140.9751
177.3298
-160.2296
147.6228
149.0266
104.3146
154.7453
163.1684
-180.0765
127.0788
139.6684
-127.9800
129.0568
-172.9286
167.3093
153.7609
170.1747
-159.1435
-172.2387
124.4100
97.9653
-166.8276
128.8214
154.0722
-45.2386
-180.6894
-174.5835
126.0722
-165.7080
157.8616
179.2347
-160.7136
183.6400
162.1599
114.0831
145.8086
177.4805
157.7612
181.3066
186.9989
-180.1250
107.3391
166.1928
-173.8326
141.5539
153.7634
166.9983
165.6048
128.3233
135.2019
105.0291
150.3641
142.3119
113.5501
126.2891
142.3701
-158.0099
127.5468
91.3983
145.1762
178.4060
188.4335
151.8284
147.5067
167.3067
-180.9412
-114.8363
155.3644
81.9401
138.3191
80.3609
-92.5227
-166.3749
-85.9565
-164.6942
-203.1325
99.0758
130.7850
100.1984
110.0680
149.8357
156.0153
130.0275
188.7698
131.4257
117.3503
109.1523
92.7154
134.9496
120.0364
-113.1438
176.8331
174.0676
132.3604
85.4139
-175.9761
134.1047
-166.9492
74.5168
56.0159
151.4339
-172.5332
-172.4373
-176.3840
-160.8825
143.0063
176.3344
128.9118
147.4152
-170.6103
111.6687
90.3318
172.9043
132.1778
-173.4275
110.0771
132.5838
164.3296
177.8107
145.6185
138.8984
-176.5126
93.1945
176.1676
161.3670
119.0914
-172.7827
-83.0545
148.7514
-193.1975
183.0492
98.6871
104.8698
-163.8425
145.5368
-188.3254
-160.8964
144.1559
119.5082
161.8793
130.3313
179.0040
153.1979
182.0277
159.7604
181.5767
142.2082
155.6080
150.4960
125.5646
111.4875
-175.2918
159.9597
-180.2262
182.3954
79.5862
-166.8040
159.1198
160.3406
137.5888
122.9845
-164.4809
160.4366
-68.1323
175.2735
174.8622
111.8662
170.6364
91.7633
142.2903
-164.3955
102.1552
141.4488
175.4176
-164.4953
127.8962
174.2548
115.7649
189.1503
139.8327
113.8836
170.7644
-155.2892
166.4596
-177.5457
176.1258
137.3464
96.8131
162.2420
-108.3438
-170.8689
-181.3088
-176.4338
145.1700
163.7857
-164.5864
151.1556
108.2786
144.4199
60.0419
171.2623
122.9780
111.9653
99.2073
142.1697
95.3159
180.4172
144.1195
123.6646
177.3394
143.2366
128.6588
103.2579
-109.6129
-174.2297
94.8941
135.2860
96.9103
143.2752
122.6876
-119.1665
-54.1514
146.9068
116.8671
-108.0260
148.7115
-167.7009
145.1967
-163.9201
138.8483
-168.1863
160.4854
132.9365
140.0122
151.0794
116.0535
124.8774
138.3254
164.1690
-161.9475
126.2988
107.7584
-189.4408
184.1485
167.0562
125.2898
-173.5785
163.5595
89.9081
-167.5533
119.7475
47.6246
-171.8317
-71.9389
119.0842
-89.7528
-89.7167
110.4288
-181.7577
115.3985
170.0692
89.6098
-165.8743
-180.6303
131.9653
124.6900
179.2188
92.9416
153.5084
101.0363
-176.5410
144.9277
131.7350
-165.0966
104.3915
141.7305
138.9413
-151.6295
71.7267
94.7240
100.0359
-178.0592
173.1787
-165.7640
-169.0459
95.1137
96.7077
137.7071
-133.2942
175.3545
148.1225
130.8259
163.5560
-167.9932
102.4471
142.9585
97.7760
171.7396
156.8990
104.6409
-160.9591
-124.8198
118.6392
131.3130
171.9672
128.1932
-165.3106
150.4801
111.1276
94.9922
-172.5347
125.1474
180.0429
106.5702
173.9158
-161.1198
158.6525
-166.3696
120.0934
-181.2878
91.0805
170.2683
114.8303
107.1960
-162.8557
161.4545
156.3050
128.2902
85.5678
163.0730
130.9147
138.1387
125.7383
138.4639
124.8853
125.4064
164.1285
143.2409
148.9981
77.2876
119.4441
-113.8159
-168.0091
156.5054
-152.0546
173.3395
172.1844
137.7901
-162.0348
155.3534
-166.8131
163.4972
136.0647
154.4881
-171.4857
-181.5565
-165.9857
-189.1432
107.9992
179.1844
166.1147
110.1730
130.5728
178.5709
129.4526
174.8950
137.2101
-186.4780
-174.1179
135.4058
115.0319
122.6884
157.2016
147.2448
189.3444
107.5625
127.1722
-83.2074
107.7883
118.3903
136.0955
105.6661
106.6670
151.1989
130.5022
-149.3707
86.9987
-176.9624
153.9725
-162.7776
165.7660
193.9328
174.6620
133.1167
-155.2298
126.8748
-113.5512
-172.2003
164.3683
164.5904
132.6027
87.7925
-98.2173
-167.8923
126.9631
-179.6218
111.3042
119.6470
104.7264
-150.8612
141.2203
149.0275
114.5190
75.2584
-74.2884
157.9110
-174.0575
133.1351
176.2179
119.3327
145.8461
159.5458
139.1923
154.9564
162.9746
174.7615
95.6502
134.3539
159.2799
117.2895
115.0861
117.9558
119.1154
94.8595
135.8967
140.5584
137.1491
182.8092
155.9379
141.2857
170.7638
146.6108
-178.3404
111.4209
153.7967
104.1564
90.8060
93.8147
101.8533
117.4842
-170.0005
143.3773
-164.9589
-47.8672
-178.6947
161.1459
113.6041
137.0163
146.5969
179.4547
172.7966
165.0733
-177.1603
-166.3743
93.8961
-159.8291
150.5339
133.4611
153.9358
-159.7915
-162.6233
-137.9699
149.6494
126.6438
130.4312
109.7777
160.3008
101.5651
193.7452
151.7210
92.3038
194.2847
163.3553
113.9899
-193.1058
142.4386
135.2446
-172.4331
-84.9197
131.5788
171.1151
136.3824
127.2323
75.8059
168.9498
153.7633
119.4185
87.0680
167.8491
-195.8185
161.3596
174.2961
-169.1230
144.4405
89.2118
107.7126
-40.8744
-178.3449
-107.5693
124.5174
94.7023
171.7096
-160.2329
160.2035
-151.6810
122.4660
174.3261
-172.2512
177.5925
-165.8850
150.0250
161.3446
-154.6304
184.2187
134.4419
125.8406
154.1802
190.7328
135.6021
188.2096
-159.3192
154.7132
103.3431
-160.6217
-155.5237
100.1936
132.1982
181.7560
96.9985
143.4861
-185.9748
-170.9308
89.0251
140.2547
-92.5253
100.8684
89.2048
164.4762
172.8296
149.3348
180.6188
-59.3731
112.9105
123.6549
142.6182
145.2178
126.8319
180.7166
-165.6280
121.9658
123.9529
144.6437
100.8933
-87.4145
142.9022
122.3969
-159.0391
103.0342
88.8750
154.2174
-175.9801
131.7845
131.5702
150.4488
112.5982
171.9023
151.9908
136.0814
143.9971
128.4988
76.5632
174.8432
-166.0418
126.6175
161.8494
100.5900
105.2858
-172.1690
131.6442
82.1853
115.9972
-180.9869
152.4085
157.0576
188.9633
169.8143
127.4295
119.4882
-160.4868
158.4374
159.3910
110.3033
115.7217
95.1490
165.5400
146.9089
-183.5945
120.5132
117.2356
170.4307
139.1343
158.8400
-158.2575
130.0952
-172.3639
114.5396
140.4483
168.6201
177.5201
-179.2354
-68.0988
110.1867
154.4807
180.8959
128.3531
160.2974
155.4010
109.0212
92.2389
143.8308
121.1916
-171.6180
146.8430
87.4175
106.6390
140.6451
130.4955
-159.4313
145.5625
132.2169
-175.5850
105.9342
90.0401
-162.9765
145.6983
155.6736
110.9198
159.0191
116.1276
186.9349
-165.5090
161.4716
102.3304
132.1436
-97.3438
134.0809
101.2465
132.1985
128.8468
126.2821
175.3105
144.6437
184.3622
102.4665
158.4844
153.5457
-159.4721
116.0331
173.6670
156.7719
162.4612
115.1405
150.7432
169.2679
-96.0624
170.2495
183.8359
142.5730
-202.3180
162.9604
135.9634
-176.7957
133.8112
-155.1609
145.8571
-181.2529
182.9182
132.4130
160.2853
123.4890
-172.7674
153.4217
137.5045
94.5046
108.1869
-202.0464
103.9293
163.5855
-181.2936
-162.8078
172.0449
-185.9861
118.9092
-169.0233
139.1240
-103.6267
161.3505
120.3916
149.6159
142.5016
125.4809
-161.1371
161.0805
122.7335
-85.7783
-93.3258
163.9900
172.8516
-171.1279
126.8178
-193.6456
147.3010
165.2326
184.2710
122.3530
118.2663
172.5134
89.0466
89.4815
182.1300
140.9050
-170.2111
140.8471
174.3490
-94.7104
147.4679
136.0476
-162.3725
-189.7037
143.8266
138.5324
156.6866
161.2221
126.9577
131.2173
136.6025
172.3839
162.8198
122.1218
186.1304
113.3452
-177.2180
-167.3026
-158.3450
-169.5240
166.8656
-172.4176
163.3640
108.5897
-172.1276
180.5102
-206.5458
143.4276
167.5295
151.5581
68.9899
147.7883
121.3207
133.7347
156.9736
168.9144
126.6114
166.5440
-199.3056
136.8180
129.6658
86.7137
118.6330
170.3526
-185.0242
72.2024
121.9701
160.2961
72.5227
165.1680
109.2727
167.9701
108.2767
111.0898
135.9302
-171.1630
144.8544
152.8942
123.7510
164.4707
139.2581
97.8734
156.7512
-158.3018
172.2011
153.8640
147.9745
118.0752
104.5530
-175.7333
114.3889
161.4296
105.2925
86.4312
-119.3237
173.3887
-174.7822
-126.6705
113.3518
164.0585
150.1217
86.8746
166.0929
187.0136
-179.4077
145.7640
-163.6868
94.4908
103.3781
162.2909
165.5581
135.7957
124.7196
93.8140
164.6573
123.1671
151.4610
183.7360
151.6484
-181.2273
165.6224
-183.1375
143.8054
100.1092
147.1878
-200.2709
-178.6419
151.0431
147.0420
149.1157
139.7076
150.7690
-175.9204
144.3700
136.3873
121.7743
169.9367
180.2949
158.5533
168.4436
108.7404
171.4362
-192.5240
107.6043
157.0213
-159.8790
107.6063
158.9533
161.6189
108.5399
152.3040
120.1252
116.2007
162.7166
180.7629
171.4536
115.7301
93.4993
148.8532
155.8886
76.9992
-199.5798
170.6527
-128.5019
175.6652
148.9315
-169.3375
131.3046
-178.6659
147.5763
142.9107
-102.2975
155.6590
135.1565
-186.9902
-171.3717
-129.7302
-108.9004
-164.8333
130.9772
104.5878
80.6805
-160.2628
123.7572
135.2986
174.4967
100.6394
116.6492
-173.3460
172.7781
129.6371
133.1824
122.8483
158.0988
180.5233
-176.9990
144.1969
90.7987
159.1615
-152.2424
117.1754
121.6024
-178.5128
180.5916
158.0096
144.1182
188.3911
86.8564
108.9457
177.7591
100.1690
-180.5094
175.1783
122.3479
136.6150
150.3593
130.8108
-149.1438
102.1885
160.5062
174.9750
-103.5529
109.2107
118.4959
154.1092
122.0885
-176.8015
176.6411
119.9550
-174.0228
183.8470
160.7460
-158.5240
121.1761
83.2875
169.0850
158.5876
-171.3683
119.1929
103.3436
117.0021
-166.3468
-159.7504
140.1140
102.0015
-181.0749
107.5838
153.7188
148.9098
136.7541
-85.9334
137.8779
113.7146
-174.6466
-105.2284
-172.2209
140.3411
153.1761
132.1083
-168.1043
172.2772
99.4294
157.4609
132.3600
-164.4433
172.2086
-178.3803
124.4147
69.2233
170.5400
143.8155
150.6351
160.6891
146.9817
175.5529
-171.4413
155.8329
-124.4385
-171.0368
-157.2049
189.1040
101.6685
189.2066
134.1604
-170.2470
-164.9906
-177.9085
165.7787
172.6037
-164.2302
-178.4517
-177.5181
154.8313
167.5826
179.8731
95.8948
89.9869
-174.7063
-182.0420
-92.1316
-98.3471
152.5819
-84.0287
-152.7976
148.4447
139.1674
102.4109
-84.8714
108.8295
-178.1666
-173.7658
-188.9384
168.7063
157.7416
169.4512
166.2221
160.3455
-171.5545
