87.0011
129.2319
122.8295
135.1335
-158.5467
-180.2605
167.5321
-86.8483
142.0135
-151.3978
-133.3152
98.0161
190.3562
145.5395
130.0999
-169.1015
133.7289
122.2001
156.9077
90.6722
122.0397
102.4807
148.9769
-178.7214
177.1495
146.1016
-167.0912
186.7199
152.3038
191.5014
176.0829
-170.2691
-169.9619
134.1545
156.6845
180.2597
148.9071
120.8416
166.2784
92.7262
114.0955
114.4296
-179.2572
-187.4269
158.2840
147.8384
181.0661
172.3996
170.4520
-103.2155
-96.1655
127.0208
154.7532
117.1160
166.7549
178.6427
156.0237
164.2127
139.3051
-167.3288
164.0191
-153.2883
-177.7832
93.5395
161.1832
-189.2069
145.3847
113.0662
88.7524
160.2448
135.2538
126.4670
-157.6648
100.5660
147.2581
132.8892
-161.6712
-163.2245
101.4381
129.1179
151.8137
116.0655
170.5300
170.1266
156.7270
121.9598
-183.1976
121.1816
-114.4108
178.5930
148.9045
175.3671
144.1040
135.2292
160.2263
167.1124
169.2091
125.5357
110.3733
175.9230
-164.1734
-171.4809
158.5075
141.3029
-171.5425
100.7585
-177.8669
146.9871
-172.2300
-70.9030
136.5467
168.9729
81.5328
150.2478
107.6126
122.7232
127.6689
-162.6759
182.8948
147.2247
119.5487
160.2789
94.4365
120.9894
-86.8386
-170.0461
128.2503
84.4939
-135.3685
117.7930
163.5980
163.4661
108.6596
142.8539
-95.6378
-117.6685
150.0198
-167.8980
150.5365
104.2403
116.3045
165.7668
103.6713
144.5694
131.8543
120.0360
-171.8336
171.5746
162.5251
141.2532
55.6587
103.1949
139.3170
130.8494
-188.8175
104.8317
107.3479
130.3097
135.7740
135.8565
-198.8411
163.4318
-155.9380
105.2855
157.5792
138.9174
169.4140
129.2550
134.3986
126.7433
127.4729
128.7727
-173.4627
95.1538
165.5086
161.7928
143.3820
161.8964
150.1839
176.9271
109.3538
116.4709
107.4399
125.0400
163.7179
146.7847
76.0330
150.3040
-182.7991
-109.9439
-113.1265
149.8377
-172.4513
162.7261
139.1820
170.9950
123.6776
141.9338
172.5316
128.5703
89.3177
180.7471
102.7111
146.7757
145.3590
168.0234
131.1303
166.7897
157.7864
139.0926
135.3256
133.1445
-177.4337
74.3857
163.4536
154.0611
159.8156
-105.2130
158.7211
175.2803
142.2740
189.8522
166.7975
190.1948
-189.6300
-143.5312
104.0581
134.1896
113.4753
151.1912
164.0663
-162.5294
166.9621
94.0056
188.0659
-95.8023
107.8058
137.4088
107.9933
-162.6496
117.7600
-169.7615
112.1292
129.0387
159.3246
169.7561
-167.5780
155.2808
109.1231
142.4380
102.2621
-119.9955
97.7762
137.8954
126.5262
112.6153
131.7874
157.1211
186.3519
184.9529
119.3447
109.8340
157.4405
140.0407
155.5469
181.2216
107.9575
138.9391
160.6386
156.5190
136.7857
101.8015
175.7955
-182.3840
-157.1189
-146.8418
145.9576
-179.1695
97.5002
83.7767
154.7971
96.5511
180.7208
126.1896
178.2987
167.9546
128.9181
-41.2679
139.7087
156.6210
-188.9451
138.9556
165.2947
-159.2794
155.1443
158.7181
129.4762
153.7287
147.3243
121.6766
157.4879
170.7328
-174.5338
103.3054
154.5077
129.8167
123.9844
99.9945
175.1109
134.6445
-189.9074
152.6903
121.4743
130.2984
100.4376
-170.5625
104.8263
129.9354
-189.5337
98.8874
120.7225
103.1665
-135.7798
148.8135
141.0261
-154.0059
-170.2266
-166.4741
187.8749
166.1888
-178.5243
170.9664
-180.6536
-193.6915
128.7182
-175.0788
89.0600
-179.1287
-178.7817
108.3248
195.6189
128.7658
150.0864
161.1084
156.0222
136.3053
127.8833
136.4096
-166.8813
119.4651
140.7744
120.5537
-149.9312
-163.7751
162.9081
130.6786
-172.2379
-173.4585
119.3713
95.2036
-138.7020
149.2679
162.8853
185.4046
155.6158
80.7976
114.6124
-174.0090
117.7260
161.3411
134.5472
172.2701
159.7113
116.4343
-149.4933
141.5456
182.4842
94.6591
108.3567
154.0120
164.2658
102.2882
162.3435
161.4076
111.5997
175.5125
115.8039
165.2151
132.4106
-82.1283
135.7307
180.5134
126.7488
138.1917
168.3504
-103.2650
146.2156
153.1986
181.7909
146.2445
-176.5599
133.7473
172.9512
143.1027
157.5176
141.5566
144.5398
151.8879
-164.8713
-164.8472
116.7033
170.0298
129.8041
-174.3852
118.1492
200.1095
132.9780
120.8433
140.8323
126.4946
56.1435
138.0412
149.7923
158.5236
153.9563
85.7438
119.3678
186.6970
164.9635
115.1332
-175.2885
-165.6787
128.5861
128.1380
125.1715
-182.1465
153.3079
163.9784
127.6532
146.1415
157.4175
173.3234
166.5113
162.3261
-169.0072
174.9013
-142.6712
164.0185
-152.1272
-159.9912
109.2012
-172.4980
187.8726
-161.0485
-161.5199
118.0685
-180.5547
178.8190
114.4360
171.2416
-158.1365
-167.9743
164.5834
125.4576
130.3021
144.8602
160.2170
112.5443
156.1070
140.3839
121.0221
120.9677
-101.0698
-167.9751
161.6868
137.2265
151.1220
-154.7516
131.2165
153.5747
168.5021
106.3177
-164.2684
101.3293
182.7258
164.8983
157.5349
136.1881
124.0357
142.0507
164.6686
100.9100
129.9220
145.2242
-170.0595
118.4012
-131.8426
-172.3076
135.7081
160.1107
-186.7061
139.1608
78.9252
148.5137
-156.6153
-158.2629
145.1381
81.2017
166.8117
118.1146
88.7451
162.2744
-89.3602
-160.6805
127.9836
152.8397
164.0893
182.8754
-174.5903
182.0546
130.3667
174.7105
106.1982
-176.5593
-149.5670
117.2836
168.7859
77.8126
-155.8878
-168.7111
150.5958
182.3386
140.4124
164.6704
167.6384
134.7417
-158.6312
171.7995
117.0723
-200.2830
179.7720
141.3962
-181.9429
-178.1321
149.6722
179.1030
164.9830
181.6689
140.3569
100.9680
189.7892
93.7450
117.2986
189.4529
-173.4825
-169.5008
156.1827
89.0273
132.4020
132.5191
169.7201
183.3793
172.7180
125.3305
-149.5601
157.5924
-173.8697
-162.1068
123.1606
120.4864
97.9047
-191.1830
-160.1965
127.4695
-176.2093
-172.5702
160.1952
112.4750
-167.0963
85.7399
129.6637
139.7595
109.6754
122.6368
-168.6530
136.1886
160.8652
-166.5567
-173.5015
-127.9758
80.9461
166.1307
124.4470
96.3474
-181.2439
164.7334
-153.6273
189.1741
172.4118
126.2774
143.3941
114.7447
68.0523
130.7578
-99.9745
-177.6094
177.4080
-180.7204
-169.2075
126.2699
177.0846
-113.5812
172.8980
175.1123
160.8458
-169.5934
187.5056
-146.4509
155.5004
148.7764
125.4474
121.4633
167.6985
-187.1964
-168.8099
159.2226
179.8585
-170.9200
138.2628
-168.0258
154.4983
153.9541
115.1770
108.1048
-153.7208
-134.0391
-102.8026
184.1156
-191.5118
164.6941
-168.4032
144.5172
171.5349
166.5207
160.6323
142.3182
134.5821
-172.3772
140.6249
129.3794
135.3733
113.6416
159.0116
184.4832
-175.1789
-151.4943
137.4837
157.4591
126.2691
151.1358
-157.4369
107.5533
131.2631
122.7838
120.7462
138.3627
-169.7608
187.9999
88.3769
183.4685
112.6968
155.8555
178.1934
179.7689
147.2543
122.4478
137.3414
-162.3986
111.1461
-96.7913
132.6221
-56.8215
130.2843
136.4321
-184.2874
137.7009
153.6255
-168.9135
148.4879
91.4516
135.5555
166.5448
87.6699
156.9606
-189.7170
142.7650
-133.4321
165.8967
141.2206
125.8119
119.6875
142.6387
120.8685
137.7814
162.8488
-170.4144
153.9510
162.5952
-146.1643
108.1542
141.9359
177.1265
164.3129
157.7118
152.7608
179.5534
163.0067
119.1483
148.2096
151.4620
149.8789
-168.4997
173.1188
113.5146
175.0484
129.6438
138.7880
120.4258
127.7576
-170.3816
-159.6057
155.3723
134.2674
116.5285
-171.8480
111.8192
167.4741
126.8637
-170.5172
144.3119
176.8884
154.0838
98.0698
-175.7419
120.0019
-159.4223
136.6945
174.5103
135.1169
-177.3121
88.3052
140.5164
-145.2351
191.2681
159.0933
160.4252
-99.0092
132.6849
152.0402
-148.5669
98.4696
152.7198
-177.3913
160.5628
158.8644
182.4991
177.5937
181.6407
-172.7821
154.3664
126.6573
179.0975
133.3432
149.3549
-181.2245
117.1079
135.0028
168.8343
129.1196
183.0920
133.3688
154.9829
163.2732
132.0595
-157.1219
174.2044
116.6446
153.0525
179.3300
113.0840
143.8050
-158.5282
145.9476
151.3786
-191.8886
154.8834
140.9241
174.6496
172.6508
-168.9041
134.3766
-147.6103
168.9502
187.4233
-169.5912
122.1260
134.5505
162.5122
-119.7058
106.2981
136.6226
154.2313
115.8535
-100.6088
132.9782
169.3453
112.4600
-93.5633
136.7702
134.4775
154.0404
168.4227
120.8932
-81.1947
130.8853
131.1388
173.6587
177.9190
120.6233
133.8615
124.7406
-86.4639
152.9878
-144.7297
135.5743
173.8711
107.1472
-176.7854
134.9625
-161.8391
103.1879
178.2692
-105.9363
-167.7006
-175.0410
-181.7468
139.0661
143.3307
118.0439
-74.6595
166.3945
-189.6736
-175.2432
-182.2572
89.4655
160.5816
131.3178
-177.7928
-171.9152
167.2859
106.1292
105.8970
138.1140
157.2939
166.3453
-144.8307
165.8341
168.0285
-198.5704
-36.4145
146.1595
159.5484
146.9871
152.4213
165.5396
-172.4678
-192.2198
150.4775
139.3242
-137.6964
-174.6587
153.7429
-163.5554
168.8112
148.1356
-172.9391
125.3840
134.6679
113.3775
168.8091
193.8322
136.3194
174.4653
110.0394
160.3130
143.6837
-183.5988
157.5324
158.3279
160.2660
128.3192
168.8872
147.5337
171.3281
107.5360
148.0354
136.3952
-90.8012
134.9827
149.0985
160.5970
-180.4485
174.7952
148.8435
96.1000
161.5783
134.7637
168.8551
177.5316
196.0372
-96.6299
164.4305
146.6121
170.2648
112.1338
176.0604
124.1386
111.3787
26.8376
122.9487
102.0656
85.4200
-174.6488
125.3050
-167.2940
-187.9884
-166.6648
128.8312
89.1329
197.8223
160.6505
187.9940
116.7081
-132.9968
101.6150
109.9586
132.3439
138.3786
78.5986
183.9070
-54.8089
-168.8096
151.3958
160.9192
112.5962
122.3803
56.4626
141.9001
-165.8180
93.3267
113.9852
86.1245
171.0167
146.8532
139.0093
-165.8887
66.1536
142.6636
178.5783
163.6140
150.0693
138.2712
149.0391
141.4089
109.8175
123.3766
134.9678
-177.0895
128.5751
-163.5287
120.6417
-103.5750
183.8744
92.7490
-185.4413
165.5008
169.1566
172.7583
110.0969
156.2740
175.4114
148.3621
134.1342
-153.9150
-170.8450
152.7329
104.6271
96.7086
177.9834
115.8133
107.4263
150.2411
-143.4548
132.3651
165.2915
115.3370
-185.4623
154.6154
-170.8759
112.4960
-163.3564
179.0367
-189.3610
-158.9453
176.6921
165.5889
-154.1664
172.6020
-181.6508
140.7746
112.5918
135.7203
-149.5669
188.5403
-162.1339
167.5693
-170.5365
128.8307
-163.5585
165.4016
138.0699
-165.0670
99.9915
-71.7179
126.9274
142.1116
-156.9244
-176.8471
163.2125
-175.2854
153.5156
136.7617
188.7325
-165.5980
135.8937
165.0701
134.4681
101.9086
-169.2619
114.5167
-181.3440
127.3838
131.9273
-176.3283
-160.9227
-163.0505
133.9431
155.8944
150.3463
-159.1131
170.3686
-202.0463
170.0172
118.7977
89.8835
141.4014
90.4158
-193.7012
127.3164
164.0689
130.5953
-153.7557
-86.3840
-159.5752
90.5138
160.1663
139.3031
122.1225
-180.4081
101.0866
136.0192
-185.1805
-177.7449
-174.7473
159.7409
151.5058
-170.3014
112.4992
-174.8676
124.5072
-173.5364
164.2112
-112.7265
158.8591
-186.5688
-188.2893
176.2382
189.7292
106.7939
123.7312
170.5762
-180.1466
-190.2666
151.1324
132.7254
147.9047
138.8491
84.6189
128.8457
-176.2857
170.2995
184.3438
175.8264
179.8690
101.7245
139.7450
189.4301
149.6819
159.5353
183.4590
-178.2807
154.8822
155.3047
174.0045
145.5069
160.8366
-172.3947
-176.6794
176.7118
149.7117
180.0087
92.2999
-186.1095
160.2646
131.5229
154.2680
-177.4437
135.8717
127.1241
-164.8076
-117.9921
-134.6953
148.7076
156.7668
115.7608
153.5853
105.0553
101.0703
143.4484
162.5763
151.2237
116.7647
-172.7702
117.9100
121.6042
141.0900
-86.7467
-177.4943
145.7510
156.8679
105.5253
120.8889
-184.2739
129.5899
101.2434
-174.5538
98.3962
178.0334
164.0075
191.8249
-169.0509
172.3503
-179.4163
130.4003
109.6166
-169.2494
110.7824
186.7595
-70.9862
109.1036
118.5226
116.3760
113.0515
65.7936
-170.1783
144.2757
134.1322
140.5528
81.8783
185.8470
-166.4476
131.9110
-176.3831
149.7857
-164.9515
134.6735
155.5072
120.7077
128.7170
-152.9067
163.7598
97.2155
-158.2585
54.4576
-185.0408
151.9143
118.5282
-147.9971
129.4994
150.5740
106.7430
176.2976
-79.2389
183.7302
-163.2578
-181.5908
-180.7636
100.7608
105.6610
123.8761
146.3641
-169.4865
155.5870
142.0500
-166.0362
-155.0613
-172.1971
122.8946
194.2080
174.1426
-83.6839
160.9367
-160.1522
105.1641
120.3700
140.8113
-177.8749
147.9564
92.6463
86.2314
183.1847
107.0587
186.4602
169.5479
105.9261
168.1107
192.0018
145.7326
-165.2368
-197.3146
144.4758
190.3741
171.9446
60.7283
-191.1466
138.7861
-178.4581
175.1891
166.2350
-173.2272
179.8718
191.7306
89.4636
131.0805
133.9006
94.6191
-177.5449
138.7180
149.9403
132.0319
97.1815
155.7353
140.4050
-180.6608
174.0782
112.6282
178.0230
179.7402
-177.9772
91.0442
120.0932
92.0849
-158.6329
120.8633
-189.7397
139.2538
103.9930
-152.3744
164.0238
119.3531
161.0436
150.8991
177.3809
178.6999
125.9753
129.5534
182.1199
167.8195
125.1346
-125.1145
-180.0579
169.0214
84.4982
-167.7317
91.8692
144.4176
171.1836
-181.1309
119.2482
-188.3638
174.0935
164.8532
157.1261
152.9735
92.5606
140.1192
112.9343
166.4131
124.3317
73.6426
-179.9403
-177.1691
-51.4373
158.3426
158.0859
-171.9677
156.8175
147.5117
-171.2805
126.8113
156.7626
162.8355
72.7787
114.8967
-168.3453
40.4222
-171.5039
125.8769
-173.2697
114.3266
113.6308
178.1696
-185.5187
-178.8831
135.9259
138.9609
145.0959
125.4846
-168.3890
-179.8917
135.3690
109.0702
123.0193
126.6603
-162.2945
-77.0419
180.4512
126.1993
-185.8897
100.4743
-187.5834
128.2283
-182.6415
144.2422
159.4893
92.0263
87.4305
177.2695
162.9058
122.7327
160.3978
70.2569
173.4589
193.5628
123.2286
-183.3776
185.2820
129.0561
173.2617
-162.4097
-172.4919
101.3470
134.0667
-150.2824
-73.0195
-186.0945
163.6233
107.7430
116.3299
145.7462
-146.6741
168.3114
154.3385
167.2579
168.2361
-146.9202
115.4676
122.1933
111.7982
-176.5450
140.7507
128.4178
-24.3663
117.1583
159.7597
133.7216
168.4016
176.1858
96.2784
103.8718
-178.8962
134.6170
110.3290
-180.7303
135.1382
-100.7644
187.1914
91.8193
-95.2308
139.1335
-175.2103
-93.2752
108.6725
177.5338
134.8641
141.6194
119.2394
-102.6613
128.2890
147.2824
172.6799
-167.9473
158.5265
181.8547
-156.0857
-163.4085
-145.8698
132.7320
157.7941
-157.2486
132.7268
138.5332
-175.9193
-95.3802
177.5328
172.4209
175.2568
134.3599
124.5849
-172.0874
-161.3807
85.6794
-186.6898
153.8545
162.6323
-127.3759
-97.3700
-178.1522
173.3006
128.5504
85.9575
155.8894
93.5014
-166.1617
161.9669
153.0425
119.5806
-179.1643
143.8295
183.2142
97.4824
168.7648
96.3678
187.8425
158.1567
-175.8068
166.9883
168.6862
-171.1458
173.9223
173.4334
114.4317
-158.4610
158.3882
130.3872
-159.5098
150.4935
184.5339
-88.1865
168.1007
119.2323
160.2334
150.0648
154.8914
140.0297
154.2821
150.9168
172.6349
120.1988
105.0280
163.2948
174.9254
171.1545
121.0287
97.3503
92.8127
175.9647
-184.9915
133.9713
157.0339
115.9612
-176.8500
115.6167
-82.8239
130.0878
155.3840
-165.5459
178.9585
-154.9160
85.3461
111.9223
147.0274
145.0764
77.2693
114.7442
153.8417
-186.1682
-95.9030
-151.9269
-172.6827
171.8753
130.7548
156.3627
-159.1741
88.9227
128.9483
118.6960
119.2433
-169.9075
-184.2595
140.0724
76.8462
85.5688
129.8849
-150.0845
-177.8780
160.0756
104.5987
134.5863
-182.4786
133.5166
-185.9126
-180.4744
168.9373
146.8291
129.6039
142.8702
-161.8476
113.6187
130.1843
107.9425
93.2871
171.8703
131.6565
100.7347
73.4961
-73.8122
-170.9587
146.7735
145.5889
140.2964
167.4207
153.9193
-157.7360
170.7000
-118.7274
153.7693
89.2566
137.7684
153.5319
-179.9222
-171.5449
105.0248
139.5622
148.8632
117.7644
141.9567
-172.9874
181.8255
-80.7411
-171.8306
105.0467
128.7807
-183.1531
-162.5772
-125.2397
112.0076
-179.3558
-87.7431
137.6875
188.8943
161.2435
57.4981
127.9400
147.3627
-170.7139
90.9651
133.4608
139.2414
139.1731
144.9681
-192.0615
177.7449
134.1905
-183.6939
126.5217
169.9312
169.6792
101.5793
146.2529
135.8147
-155.1429
116.0300
98.0137
174.5856
160.5783
160.4255
182.1984
178.4793
105.6492
-184.3357
153.1415
157.1901
128.5785
175.5346
195.5985
146.9992
138.2015
-161.5476
169.7341
83.0138
-189.3648
117.4572
144.8672
193.1332
173.7750
157.2973
65.9623
-152.7802
-174.5886
158.1047
180.8626
108.3783
162.7379
161.8531
119.1732
182.1756
144.9116
102.7845
97.0894
151.8138
80.4663
-177.4889
122.4114
172.0585
-165.5531
-67.7115
-186.1235
97.4036
165.7915
101.5417
193.5017
147.2440
-166.6628
113.0284
-177.1733
-89.5939
157.2528
-153.1814
-189.7830
175.5111
163.8756
121.3483
105.5255
160.9218
119.6605
170.6832
127.0651
-62.3706
139.0268
-188.1541
184.7495
106.8128
-168.9285
152.7363
176.6568
178.7597
157.8710
166.1221
158.6129
-186.4622
-81.1414
-176.6235
121.6250
-145.7963
162.8496
105.2918
196.2256
98.1426
-174.2750
146.0140
172.8211
148.3264
125.9786
175.4440
137.2797
154.9823
-79.3984
-159.4680
-171.6727
-179.1523
149.2810
162.7471
-171.0523
197.0316
-171.8291
134.5495
163.5939
133.7545
65.6487
-162.1575
173.8675
120.4051
142.6955
152.4898
178.1300
108.5984
-159.4426
149.4917
151.8512
-158.4534
123.1188
183.1583
123.9926
129.7920
145.8680
-178.1146
134.0526
82.1925
128.3221
-125.9634
153.3910
-83.4535
153.0027
140.1926
-173.8510
170.2761
169.8208
82.7290
-189.5069
-189.8091
161.0253
135.5289
93.9590
104.5142
160.0157
127.7797
154.5889
-157.4846
164.0488
-189.1197
172.5080
133.3957
135.3578
142.7499
-170.0400
132.7348
102.6269
-92.0785
140.6612
109.3789
103.1624
162.3545
109.4481
181.3060
152.6790
-167.6348
148.8526
143.4414
152.1893
168.7920
111.5579
-184.9467
162.9059
152.3979
175.8290
171.9585
164.4449
137.7890
-169.8626
-184.2890
-153.3481
-163.7969
186.2526
159.4450
-173.9014
-168.6131
142.6353
133.5357
143.0113
134.0676
155.3370
175.7384
155.7705
-168.9158
123.2844
-103.0952
100.2634
127.5411
77.7881
-175.3862
167.4645
142.8496
150.1513
174.4303
157.7273
142.4705
89.8624
143.8571
-165.2671
-125.7360
165.1183
136.5731
177.5187
118.5555
83.8358
96.6556
130.9597
-171.3910
-161.4545
98.3078
51.3923
-179.3190
-176.3104
139.6751
-158.1323
139.3702
-172.4098
-75.9678
-191.8091
134.9384
-179.9926
113.5617
110.0383
-101.9807
-167.2669
115.2065
116.5693
148.1515
166.0821
-106.9200
-156.5125
-187.7981
77.9574
134.7477
156.5977
111.4320
-179.9515
106.8396
124.8038
138.2456
158.4566
114.1737
168.9403
113.5463
-179.8366
146.2283
163.1494
136.4101
-166.4165
138.1228
151.0544
120.0189
138.5099
-84.9329
165.5553
132.6642
-171.3168
100.8424
-166.0840
143.3004
162.4447
78.4117
123.5936
84.8439
-174.6724
175.4179
120.7951
171.2065
119.9135
119.9691
132.1096
89.8682
145.6738
152.5813
-90.6206
111.4698
177.5574
167.5494
141.5471
145.4231
110.6603
176.4966
91.1984
110.0169
173.3234
-171.8804
160.5592
172.4803
111.9097
154.5829
-161.1348
-110.8410
104.1823
-168.6046
126.3751
134.8004
111.0880
135.7338
-59.4145
145.2952
148.5423
115.0247
121.8480
-196.3359
97.6554
162.5925
133.9291
192.9309
157.7952
121.2872
161.3436
147.2787
103.0222
120.4653
65.4270
-156.4172
147.9143
-181.0161
131.6780
-193.7751
107.5387
121.2618
-153.2095
-164.2020
178.0705
120.2270
-186.6441
131.3294
137.9692
-159.7085
133.8031
168.6220
65.1534
87.8275
-174.0493
-158.1234
177.4156
149.1223
-83.5182
153.7165
183.4062
88.3593
132.8196
93.4190
-86.6710
123.9319
136.9427
-171.1990
106.7246
116.0329
89.1846
141.9270
187.8690
154.6579
169.5681
134.1830
147.9735
164.3836
173.7149
175.6005
110.5345
185.6299
121.3076
-165.9689
149.4464
87.8620
156.8948
121.3914
181.7848
151.6436
96.5792
169.1420
-163.7030
130.6582
165.4631
97.0921
162.5345
-137.7058
-180.2371
160.2004
143.2784
100.1012
-180.9274
139.4607
-170.2813
178.7808
175.8536
102.9607
164.1312
91.7350
142.8168
165.5778
158.5802
162.8521
102.5125
113.7302
155.8989
90.2712
173.5407
162.2744
170.8841
-182.1979
123.1309
145.7216
174.9764
163.2769
125.1972
167.0332
119.8386
170.2050
-176.1419
160.8446
190.9304
155.0222
131.2617
87.7178
138.6008
186.5244
110.0769
181.6885
63.5678
-170.4682
129.0921
159.2619
161.7117
175.3380
134.4014
129.8984
101.1073
-130.4165
154.7170
135.1547
104.3180
-181.9395
147.3890
190.9939
-153.5922
138.4781
156.6718
133.9448
105.8308
78.2916
144.7051
-155.5265
114.3124
81.3520
106.5399
133.1137
105.4223
-83.8571
150.7400
118.2510
164.8248
-179.3440
-154.5199
146.4370
127.8609
128.4724
134.2674
172.8853
106.1075
152.7426
-166.4794
178.2883
-186.2648
132.3451
-197.3203
149.8603
-84.8917
189.3285
-159.5594
111.5150
151.6955
187.1867
185.6203
165.7200
-174.5058
-171.9160
156.4350
-150.5915
108.1094
-114.2163
106.4712
151.2730
179.1823
114.8416
-185.7695
137.4688
145.6905
65.2658
136.9957
104.1908
144.7548
-174.7750
138.9214
136.1878
105.1072
168.0977
-155.1291
125.6654
-151.2348
-152.8045
-185.4955
130.8666
131.6902
135.1266
138.3140
-176.1087
89.9637
-156.3625
134.2228
148.7006
71.6525
134.1831
-112.9514
118.8964
54.6265
166.5546
138.5886
128.1528
174.2788
143.7705
-178.9149
-168.9314
114.7091
-172.3344
132.1862
-149.4538
-169.9161
166.4708
135.2993
137.6186
-157.7047
-166.2959
-175.3634
-109.5098
-172.5137
148.3669
-175.3348
72.9476
139.4102
159.9950
-155.1430
139.0976
-182.9526
-162.5525
-186.4775
97.2769
174.2517
-180.0977
114.4475
168.2462
156.5488
152.8883
117.5498
-170.7286
-158.4550
186.0854
166.9406
-172.6616
121.7315
112.4590
153.2929
178.4415
177.4016
174.8368
181.7196
139.3323
-82.9016
173.2845
-166.5010
174.8975
117.3343
158.4033
165.5679
99.2585
179.9316
155.9342
160.2418
151.1423
157.1776
-169.4135
84.5170
109.8034
83.8383
-160.6853
118.1028
126.2765
140.5210
170.9066
154.9843
160.7044
130.2259
123.2791
164.4421
104.8706
165.3370
158.1390
-175.0761
-161.3191
159.8577
168.9150
153.1917
139.2703
157.6214
92.6929
95.0405
-176.2336
184.0839
143.6749
144.8109
146.2246
124.2431
124.4846
110.3750
143.9066
-173.9260
-156.4398
157.4936
-155.9055
154.8658
155.0837
174.5457
119.0318
142.5403
121.0235
-110.6528
103.9058
-159.6363
147.0940
191.3421
183.1849
90.4262
184.1733
127.5882
136.4041
138.5281
160.0877
139.9103
129.6840
-185.4696
120.4010
179.3981
-169.8384
-174.3189
176.1395
115.6039
148.9030
-171.9140
137.3333
160.8605
-167.3080
183.9448
105.0268
-88.2050
111.2676
-172.4197
195.0636
115.5738
172.8955
124.2286
-171.8519
-162.6953
172.9200
175.4991
-181.0958
179.4804
155.4632
135.2356
191.2563
-173.6919
128.2442
-182.7585
100.6020
173.2827
-178.4993
138.6383
155.8351
186.6251
180.5277
147.0990
152.1874
179.4370
115.0403
106.9412
158.6148
125.7524
171.5937
171.4431
124.5941
-175.2327
136.3901
157.3108
163.5389
177.0427
-164.1063
127.4351
-183.4415
115.6157
171.2613
163.4833
184.2448
152.9113
123.9215
147.0190
-168.7686
162.6341
168.3390
-168.9616
-87.1254
151.8925
165.3958
94.4952
182.5338
126.4098
155.7377
145.0941
134.0197
185.7899
178.4322
128.1988
181.8557
155.7907
126.3051
152.0227
106.8562
-175.9139
-171.5259
131.7984
173.1879
99.4543
154.0004
140.5852
131.6427
126.6250
-81.8655
-155.2379
-177.5842
173.8901
172.7746
139.5328
-156.4316
149.2956
161.4924
152.9006
133.5579
-159.2181
170.4088
-180.0946
-164.1197
81.0176
131.4440
118.3980
172.0746
171.0252
125.6814
155.2409
-168.4730
-154.6764
139.8641
113.7651
155.1136
106.8434
185.5635
-175.9718
154.5435
180.4450
118.6865
101.9595
172.9479
101.2486
132.7918
167.7913
-170.6922
145.2522
146.9044
122.3531
113.6180
146.6442
139.2977
122.7928
-195.9521
149.3249
-103.4077
-172.7178
159.5872
121.0901
111.0610
141.0333
-56.0886
132.7206
-199.8969
140.0629
160.1915
145.8220
-142.1646
82.7615
141.8626
158.4470
-180.4774
146.3418
156.1709
-172.9949
143.6012
169.9265
177.1377
-97.2898
154.3968
134.0937
-180.2138
138.7718
168.8444
144.2699
-161.0409
-200.8226
93.1036
120.4379
-184.4879
134.7909
163.3409
148.5802
180.9533
102.1307
129.7433
157.5090
151.3047
-175.9967
187.9349
174.4482
115.9754
155.4480
167.0447
175.8804
110.7057
-147.4433
162.1377
97.8302
147.2037
-171.1590
-110.6436
176.4086
122.7116
-81.8421
165.4128
95.1902
-171.1175
134.5097
108.0631
80.8651
160.3202
159.0958
81.8835
132.5028
100.2535
-172.8122
-156.0002
148.5354
152.6314
150.0095
-172.0375
144.1343
-179.3970
109.3534
119.7363
188.7093
154.2396
-127.1895
157.2722
177.8776
98.3276
83.2180
148.9253
168.3142
175.5664
115.1208
145.5503
145.0089
-164.6301
-174.0372
129.1051
168.0389
129.6190
-100.0373
167.7680
152.1920
175.8917
-163.3870
126.9553
174.9345
120.0315
-165.2713
169.3484
127.7880
-94.4488
124.5899
-184.9872
125.2385
94.6407
-170.0347
-175.1616
-174.7814
-156.5294
131.5946
-190.0518
123.5618
81.1155
178.3593
150.7347
-160.8758
-190.2732
117.0933
147.4196
-78.6293
123.9150
133.2649
128.5679
153.0464
-181.4248
117.6011
-145.3043
-90.5612
-179.1598
137.2737
89.4097
137.4097
-174.0094
86.2081
101.9784
159.0783
158.9238
-181.4778
-181.4934
-83.1993
105.7736
-72.7621
-166.1197
-154.4663
157.3911
125.5015
-87.1763
174.6542
123.3103
122.1602
-152.5368
138.5564
170.2407
102.8496
132.6367
167.6624
125.4502
174.3345
122.1805
146.4804
-180.1086
174.6385
159.1416
136.6327
158.5203
148.9353
167.5630
148.1673
138.7367
99.1065
127.1905
182.5081
101.1078
98.3156
-91.0120
-192.5717
99.0691
-185.6880
116.4813
-161.8584
177.7511
113.3684
127.3266
131.9292
95.5994
123.3397
163.8614
149.9973
109.6359
83.2354
164.5877
-178.4197
149.2893
154.7927
157.6583
-175.9829
185.4513
140.0126
137.2908
133.6237
-158.3000
144.3554
91.3759
93.7454
-177.9767
138.2558
117.2766
-172.2039
-160.4009
-159.8681
-75.1521
-95.9613
115.4308
-170.2357
-178.3345
129.6980
115.6424
160.5070
-110.2259
139.6629
131.5635
142.7868
121.0107
137.6824
73.2564
-139.9862
149.2245
155.8891
143.7233
101.7177
-178.4949
151.5437
105.8472
161.2668
161.5321
96.8227
-170.6698
-159.7873
175.1681
-165.4612
-88.6896
-160.8765
-190.7618
139.1323
60.7867
-130.2451
94.4252
122.1846
-163.9868
120.7530
90.1619
-184.8999
113.0813
136.2029
-78.1812
176.0239
-155.2539
134.0708
163.4023
155.6973
-175.8472
160.3029
132.3982
142.4889
-86.9398
-170.6020
95.1645
69.9206
181.4315
-189.6196
144.0916
-181.2462
165.7892
133.5321
-157.4549
151.0943
170.1651
150.1845
-159.9202
-91.5170
168.7232
-163.6778
165.2583
134.3628
183.9312
144.5877
180.7005
-85.9918
117.1110
-72.0691
165.3217
-175.3351
109.9230
146.9571
-159.9204
118.2668
122.4120
119.5449
92.5522
160.5355
-152.8364
-162.7009
184.4528
184.2628
155.5689
164.9650
149.3796
114.8944
170.6031
155.4752
120.0889
123.3100
173.3778
153.1168
172.0964
83.9961
154.3452
169.0535
-98.6308
94.5902
162.7125
156.0061
119.4329
-165.4311
-162.4018
113.6477
199.1644
-119.8869
-181.7587
170.9721
125.4387
98.0923
129.5282
150.6275
150.0001
-155.0816
90.4092
129.7220
157.8780
-161.9396
92.8294
162.2632
175.4509
-173.0037
143.9571
-173.5683
152.0682
114.7637
-192.9199
126.3708
149.1802
179.0339
160.8185
115.8520
140.0865
124.0592
-106.8844
164.3410
-171.3775
123.6902
159.1446
171.8090
-172.0796
141.2708
166.2370
-172.6708
160.6063
174.3761
162.2872
90.5821
154.2419
142.5403
174.7686
101.2380
100.0642
174.0757
125.3645
112.9988
180.5709
99.6841
120.3836
-184.2458
134.0271
-170.2891
-170.9613
-174.9654
-157.4201
-198.5059
119.9737
168.2764
79.6722
-173.9164
154.9710
138.1431
-175.0840
123.1437
181.1415
-147.8851
168.0169
86.3452
144.7679
166.6513
194.3949
150.8900
122.0830
141.2956
119.7362
-168.0252
132.6098
174.8969
181.2090
122.7851
-154.4327
184.4705
162.4707
110.3779
97.7414
86.1667
148.3531
-180.6864
176.0718
131.9918
-91.9076
116.5401
130.3938
136.7280
127.0841
174.8810
173.2672
77.2048
146.6688
101.4556
156.4553
135.5938
101.0841
125.2060
161.9338
141.2641
-97.3971
-181.4513
115.7844
132.2030
164.1986
-179.6797
-99.1057
128.3475
-167.4494
109.3794
176.9351
-141.4493
95.3636
-182.6118
129.5056
177.9156
168.0098
-175.6188
147.2213
-175.6922
-179.8626
148.7565
132.8010
116.3783
173.6282
112.0828
144.9729
118.2413
102.3879
152.9176
187.1903
-89.3792
123.4361
-195.7012
162.9660
-170.2557
92.6943
104.8517
129.7326
-114.5287
156.8609
-154.0901
162.7378
-185.3625
153.4767
167.8601
131.9639
102.2131
129.8514
184.3594
169.8879
159.1950
109.5149
157.8054
171.5250
-122.0883
163.1687
150.2013
-63.4455
173.4192
-186.9372
-181.3000
121.6396
-73.6461
138.5338
153.1982
116.8409
193.5376
156.8493
162.5844
-166.4471
162.7027
142.3826
155.1396
-159.3161
-165.7422
172.9473
147.6262
172.0449
155.8021
-176.4910
172.7536
160.6448
149.2544
140.0495
-91.7940
107.6324
92.2968
163.3515
124.9201
141.1373
137.5218
156.3321
127.4765
139.6937
-151.6571
-189.1882
-159.7116
-177.3126
157.5623
141.4082
155.1202
-159.5246
105.7483
85.6069
107.5046
108.9490
-105.0008
169.7110
-157.4379
140.5191
97.7265
-175.6881
164.8591
-205.1569
-88.6980
-36.8918
170.6050
150.6221
-176.9101
180.6390
172.5189
-151.2783
143.0228
59.2934
137.7357
-174.8530
132.2213
-182.1645
170.4702
195.4204
118.3608
-182.2194
153.2913
87.6438
-162.4070
178.6581
154.5899
147.8219
-172.6247
-95.5818
-191.6905
176.0523
159.2872
119.7475
90.1962
-105.9505
128.4703
126.7413
145.1999
-187.2074
136.0314
164.0165
118.8338
114.2163
-83.2476
133.1355
114.2081
174.7600
136.5369
126.6645
178.1168
129.5418
133.2160
139.9789
137.1396
128.8807
119.9491
-198.3540
158.5033
162.4533
166.2320
-168.4047
133.6275
158.6710
127.9694
137.0630
148.4694
179.8200
145.2092
139.9699
122.8066
-176.7261
158.7043
187.2795
191.9911
187.7207
156.5805
136.4682
174.4117
168.0413
122.9206
-188.3667
167.2614
-176.1891
160.1585
147.8305
121.9749
-91.6629
-167.2718
170.5541
149.3619
118.8516
-77.7295
166.1119
167.1487
-192.7005
177.2819
145.7642
-179.7661
135.7704
129.4878
162.5996
156.3542
96.4572
114.3218
-182.9931
145.1670
155.3621
112.2022
-172.6826
141.6038
91.2580
143.1793
185.1764
154.4211
113.2738
-155.7150
121.7856
147.4257
158.6720
148.8756
168.9099
69.7707
135.1522
132.0384
127.7545
171.0957
-188.3299
171.6029
-165.4636
-204.7801
157.9881
137.9436
96.5493
163.6747
148.3943
159.3802
117.4852
178.3436
-158.3225
219.3658
-190.8359
158.6170
137.3170
160.2734
112.5769
179.7992
144.7256
-176.6691
150.9184
146.2928
151.9453
161.8462
85.8716
92.3330
136.2296
154.9746
-84.7529
-173.5637
143.3571
-184.8677
162.1171
109.3711
155.4815
129.9113
183.3836
-175.8379
168.2150
149.1464
144.3127
124.0106
107.2193
-92.2501
-149.5822
-181.0733
132.0913
119.1064
157.2463
140.9966
143.6302
97.0627
161.1584
-157.2333
141.7885
92.4602
130.9018
-165.1799
-182.9109
156.7997
62.7939
-171.0023
158.7148
125.2600
140.6360
145.2051
-172.4942
-180.4400
157.8386
104.0392
171.7658
155.3914
-163.7492
122.8329
129.9919
113.8509
126.5663
-92.6183
162.2151
132.5828
-178.0405
82.6903
77.5266
150.7775
128.7163
79.5837
144.3162
155.2070
108.2619
145.9379
172.2450
-168.7033
123.2327
177.6889
160.5693
-109.0987
-178.1877
114.6819
84.0418
130.7373
-98.2857
175.6007
-194.6971
-160.8886
138.2203
-184.3315
-110.4711
176.1483
-175.9723
134.5206
105.0131
-48.9884
160.2685
162.0275
126.1755
139.6200
162.9942
-177.5261
97.3031
190.0624
97.6544
98.8386
161.3753
-150.3395
92.8418
-95.1850
126.5891
183.4603
141.0543
-187.6701
-171.6066
-84.1318
166.7852
167.4253
106.6093
129.6744
165.0219
122.2250
146.0068
150.4287
-160.9297
-166.1398
164.0105
145.4254
148.6480
-179.4613
148.1823
170.1672
106.7787
129.3934
-176.0681
-172.6553
151.1380
-182.2476
153.2015
-170.0051
159.5534
150.6808
-77.3512
175.4349
108.7936
168.4122
-119.7492
-166.1859
122.8752
101.8483
100.5328
91.2331
-185.5641
161.0273
106.1621
-177.0804
120.5025
170.5479
116.8040
151.2204
165.2210
160.2142
170.4809
133.9118
170.9659
131.9610
150.0647
102.3675
90.4161
170.8109
175.0899
136.4510
-171.9339
171.2479
148.5093
121.8306
145.0200
192.7781
196.9341
152.5829
137.2119
137.4986
139.3568
120.4515
164.8094
-171.5905
-172.7554
133.9747
107.1932
-152.8617
185.3047
147.2213
111.1480
-92.4222
124.9461
-94.8454
125.0779
-84.4059
181.2042
151.7712
157.5637
156.1040
173.5235
110.8221
-68.5088
153.4779
169.4110
103.9362
136.0846
151.1115
162.1123
171.4971
188.6036
154.2777
166.2403
170.9582
174.0105
-183.4712
149.3511
175.0899
-167.4153
132.8821
139.2880
152.7889
152.1042
-105.9019
165.2275
111.7065
-168.2571
161.1799
-182.6008
-169.6056
187.4511
154.8452
-177.0733
-177.1062
114.3473
111.9296
-180.7794
167.9845
-165.6832
160.3662
143.3076
-178.8671
157.3627
-153.5231
159.0575
130.5275
121.4422
131.8437
-169.1294
-171.4962
159.8092
94.3012
-160.4367
-87.1849
136.3397
150.9941
-176.9290
135.8241
-162.4993
162.1486
135.4758
123.7808
109.0431
-182.6460
107.8781
58.4982
154.5452
103.6514
171.9823
187.8765
-173.5236
146.1709
142.2491
159.7918
155.3670
188.4766
-182.6852
116.1407
-161.0200
135.5315
127.9882
129.6009
135.1301
125.2004
155.4911
-73.2198
133.1240
161.7797
135.2358
120.3329
-95.1275
98.6919
168.8973
95.6125
-172.2416
153.7124
-65.3092
151.9314
146.0627
160.6441
131.6297
-114.3241
175.7355
-196.6731
-154.3904
158.4422
-165.3808
179.1437
-88.8244
136.7122
158.0614
174.0736
-98.5259
102.2022
181.4587
157.6412
180.3610
-90.3498
-189.1542
-61.5160
144.4856
141.7997
84.4924
153.6671
165.3224
125.7911
73.0681
-182.7617
-162.5863
145.6905
74.8309
151.1992
128.8530
142.0913
199.2677
145.3505
120.8200
124.0206
164.3585
133.9473
139.2356
138.0568
184.2545
134.1249
107.6141
-170.2641
-103.0063
170.8242
91.3194
-51.1855
140.4343
151.8653
123.1129
102.7113
181.5690
139.1107
179.7927
167.8121
-177.1500
84.7265
-177.0707
169.5283
168.9169
168.9886
125.5649
-117.2951
182.4950
152.2889
184.5726
86.6410
113.8429
119.4664
151.9597
136.0080
-153.6571
132.9695
-178.9160
137.2634
149.5405
182.6279
157.2456
113.8219
179.1559
160.3797
181.6042
-177.4675
-182.8760
184.1385
156.0128
190.8779
-185.2794
129.7676
-184.7727
113.0597
101.4019
179.5618
169.1123
184.7890
168.5637
109.8796
-177.5269
128.4348
175.4670
-156.8333
161.8279
175.8236
-147.5891
105.5454
154.7525
86.3198
-170.3729
147.1425
138.7695
-170.7406
108.4849
140.1842
113.9813
155.0063
-172.2471
-174.0112
128.9898
135.3315
-172.4909
117.5733
54.5693
125.8572
109.7839
100.1991
158.5722
149.9779
-165.5063
111.6968
108.5931
-100.3673
104.9352
-171.8472
102.1471
-177.4591
135.0476
-168.5436
122.5021
-143.1832
171.7250
201.7303
-170.1788
149.8517
-180.2201
123.2179
116.6402
166.3371
121.8058
139.4732
165.9363
-176.5627
53.9539
151.5280
-156.7346
131.7688
182.7843
116.4588
-181.8325
-184.2947
158.9502
152.5816
145.1187
-183.8162
-195.8131
126.8418
138.9436
98.8770
145.3156
161.7541
185.4020
106.5016
91.5433
-179.3329
151.3896
-89.2362
155.9450
-170.9480
152.0305
-185.8015
93.1359
176.3156
154.9856
162.5567
137.4261
149.8994
129.4095
158.6380
-166.8011
103.4577
-176.9047
150.5299
128.5632
-186.9314
177.8530
156.4174
183.8478
158.4680
-160.6211
152.6319
-179.4781
-162.8570
153.5248
-170.5998
-109.8720
131.2052
-166.7982
112.0370
142.1072
169.2261
-169.3900
137.0375
146.7878
121.4468
165.4935
165.0706
-174.3379
175.3627
-190.7971
-159.0111
-176.4316
-176.2005
121.0283
179.6013
167.0056
-183.0193
171.3756
159.1206
170.5887
103.6684
-155.6733
170.5341
-83.5207
149.0006
101.2575
170.7130
126.8121
121.9603
92.4698
173.8212
138.1403
-172.0630
186.8844
134.0445
184.9635
-170.8769
94.0427
175.9774
159.3458
131.9445
174.1126
132.1862
147.4312
175.7616
131.5901
105.2227
-165.1269
128.2886
150.7654
163.4641
120.1656
-73.2609
-184.4812
137.7035
154.1358
142.9828
-158.4702
174.4682
98.6462
-174.2633
122.2812
151.4991
-162.2621
-90.4879
177.8777
145.8340
149.7185
190.3216
113.5331
-165.9146
130.9087
153.3711
134.5568
-171.0778
117.1500
146.2944
146.0858
-90.0673
150.4838
93.1044
164.2137
131.4309
165.9811
-190.6098
175.5533
154.0992
184.1472
165.3729
142.3621
-160.3661
120.7575
114.3155
-167.8718
-100.4287
177.8666
146.9622
-99.8741
123.3403
182.7312
123.7276
124.2821
132.8022
108.1159
-183.3907
138.8958
158.8266
154.3617
136.3008
133.4249
-80.6317
140.5563
180.9306
112.6849
174.0969
141.9698
-124.3356
150.7095
-166.5881
182.1737
163.5153
132.5777
173.9820
143.1033
111.2536
129.4258
102.8960
101.0817
165.4439
128.6393
129.6320
159.0752
177.7235
122.9611
137.9893
179.7417
144.9974
162.9629
-165.5569
94.4548
149.7660
158.6298
156.4994
162.1347
-171.9544
-140.8787
175.5018
120.0850
174.7736
180.8869
-177.3768
172.1504
97.9193
123.5880
146.2993
182.2072
175.4174
-189.9738
-99.5222
164.4014
-185.5419
108.6784
201.4061
125.8315
174.6726
95.1372
125.4607
119.4751
177.0811
173.7238
-195.6151
-184.7100
-161.7705
93.2440
-150.0041
114.6388
161.0624
100.7726
-173.3147
-100.9481
104.0204
103.2281
192.4970
98.7753
-191.2033
137.8340
175.6236
167.7092
-84.4191
127.5201
175.1723
129.3122
-148.2474
-118.6353
143.6323
146.3392
161.7542
-170.5447
164.7513
162.9365
-162.2758
-161.6721
170.5294
-171.6133
170.8646
145.2779
151.0890
-104.5186
99.9529
152.9505
100.3092
165.3998
-90.9594
164.5560
-168.1218
115.4824
162.5003
-170.2048
182.5668
-186.1945
146.4203
165.7383
-164.7626
132.0655
100.8543
-120.8072
186.9489
134.8315
-165.6078
94.5848
170.7302
160.2148
-96.5046
148.4085
-160.8698
-175.1088
-183.4512
180.1844
-187.5366
-157.1683
148.6986
97.4141
183.0420
-177.1949
-176.9730
152.4335
125.7010
159.0694
-175.1727
127.9691
105.8188
89.6419
92.0270
105.1606
-146.0462
119.1250
-178.5653
174.6700
107.6768
-116.0684
75.0641
130.9398
-108.7488
129.7870
157.9982
-176.8866
158.8881
160.6375
-181.1825
132.8307
128.3583
105.5812
-65.7028
-167.1989
169.6314
120.5472
158.0684
189.7523
159.9726
-182.8589
-121.0570
-150.0985
142.6275
179.0619
160.5911
-55.1515
144.9340
-177.1640
136.1146
94.7498
159.8088
169.7875
-187.3464
-83.6723
189.6982
159.8509
164.7603
-181.3486
139.3926
147.1694
74.5758
-56.1367
179.3204
166.7696
-179.3843
151.2025
148.0744
164.2794
-173.7807
-172.5936
134.4251
109.7789
118.1767
134.0256
141.2433
139.5201
-169.7592
148.2329
99.4026
126.2738
140.9506
-160.0075
168.5649
167.1331
118.2262
-174.1646
160.7852
169.9454
136.2974
-165.2882
99.2391
161.9202
146.2990
168.2409
-161.0165
162.5256
-90.2009
170.0429
132.5382
-211.6056
81.1194
146.1060
153.5622
148.9512
172.2804
-87.1913
160.5542
93.1724
97.2593
179.9497
166.0256
150.4892
-166.8790
145.8295
-170.2354
-168.6665
134.2878
99.6743
-151.8586
-198.6351
174.2513
126.2838
123.1053
-93.4681
96.2067
198.8094
149.8242
141.0257
155.0417
159.4093
164.1803
-176.6301
-170.2366
-167.6358
-164.7879
87.5486
152.8845
80.1538
102.6385
-166.3114
155.4545
100.1476
154.8407
167.3475
163.8652
129.9066
120.3467
195.1608
127.7564
-167.9594
142.5879
-158.4738
148.0963
177.6005
148.1605
-96.1502
160.5454
143.0590
172.2579
-171.5365
138.6388
-90.5969
185.4167
119.1961
123.7478
104.0337
133.5371
176.5799
-99.7251
-162.5816
141.9144
172.4277
206.8352
134.7606
89.8080
-174.9229
-178.4175
177.1084
129.4699
79.3118
93.5744
124.0374
-66.7061
116.2132
-182.3289
-178.6202
-167.2011
168.7984
106.9956
-81.2744
-166.8159
-151.1785
145.4097
130.6034
77.2031
167.8314
121.7911
-195.1862
135.3654
143.7890
160.8816
107.5932
157.6194
-168.9769
120.2711
189.3559
-160.8069
-164.8393
-152.7384
132.6640
137.6547
-165.4598
98.0041
116.6886
89.3280
130.3884
138.6105
-175.7415
-170.5978
125.5405
153.3882
-174.5173
96.7813
-172.5384
86.2923
93.3061
134.2454
156.5228
144.6136
139.5408
91.5046
-176.6278
89.0000
180.6118
-184.2811
153.9890
151.1930
-112.7185
158.3230
-168.2584
179.9743
156.5929
141.3800
-151.7584
-175.2535
162.2684
98.9327
167.4900
126.8700
-171.6975
142.3302
117.9038
-173.1410
127.1781
-115.7791
133.8236
-79.6147
129.4133
85.1749
-180.5719
128.4448
171.4249
168.0529
-192.5823
185.9494
174.5343
100.5553
162.6517
-172.5187
123.9517
159.9159
-156.4397
-159.8091
-141.3296
-99.9972
-168.9603
189.1459
134.5065
-99.5243
190.3200
167.1540
179.7289
156.0866
145.8546
120.2154
119.3045
159.4176
-179.0347
-168.2694
156.4662
84.5737
-181.0802
-164.7741
111.9358
119.0836
165.8587
-177.8724
149.4247
144.1722
133.3200
139.7620
-194.4840
-164.8603
128.2345
85.9092
131.8905
-169.0516
120.7950
161.4745
-178.5292
153.0107
-160.8754
125.4353
40.6648
152.4421
89.9865
135.2843
141.3008
93.4679
-182.8598
175.4559
-185.9615
121.9978
112.8037
98.0557
107.4769
124.4470
151.8088
-158.9722
-177.4379
181.8254
154.3383
-109.1201
80.9547
172.9229
160.5093
142.8895
-188.7474
-171.9527
-179.2365
132.8896
106.2979
127.0553
136.2126
55.6533
178.3487
106.9160
116.5609
153.4973
167.5892
148.5368
157.7139
128.3125
105.7213
136.1785
133.4032
149.7386
90.0105
-86.2865
-114.6571
-155.3057
134.3193
-180.6732
122.6064
133.8525
-183.4214
147.6878
-93.5712
132.4924
162.2828
172.6429
-173.7130
140.4107
84.2635
-168.4536
-96.0242
104.0636
164.3751
121.0455
-183.2895
-160.5745
130.2318
163.9509
164.8394
179.5219
171.1718
-113.2640
127.3684
141.3141
174.2932
-155.9416
-88.3575
120.9884
166.3018
-106.6369
80.2240
114.0544
157.8540
125.9178
158.5600
121.6490
190.3279
117.4348
134.4549
128.9735
128.1463
150.8954
-158.7549
-161.5393
112.2723
168.5821
109.5718
183.2978
-172.5062
106.6601
83.5741
-160.4579
137.1779
-96.1329
155.5107
149.8967
-181.0451
-179.3395
130.0685
94.4825
174.5205
131.4326
167.6755
149.2631
170.0980
166.0887
102.0780
145.7873
122.0968
125.0891
186.1124
143.0482
-153.0407
119.7359
-180.3190
191.1273
52.8271
91.6274
185.2241
-178.0483
108.6830
-176.4803
-89.0053
-178.0095
-179.4353
146.1132
106.6068
160.9240
-167.0971
141.6499
92.6987
123.4885
111.5480
-174.0494
169.3358
-122.7177
147.8944
-102.9306
135.0031
151.2633
108.6157
92.1639
118.5821
120.9617
-163.1172
147.0892
122.3689
123.4858
-181.1910
-148.8880
152.5690
118.4583
56.9691
101.0344
125.1351
-169.6118
84.9009
152.8765
158.2531
168.5306
132.3219
157.2519
151.3209
-183.2817
122.4007
113.0577
-170.5735
-176.6806
147.4509
-127.3543
-77.6558
142.4081
-145.3801
138.8009
-169.9941
146.3913
145.0682
-75.2815
138.7036
190.6169
-165.6923
137.5437
-151.2200
165.3607
156.6820
129.0540
-176.5285
82.7479
-72.0657
139.0753
-176.7913
120.8952
163.1262
-176.1589
118.5571
106.0624
155.6169
174.0078
-165.0386
110.2516
168.4130
95.5352
137.5717
133.5314
133.3226
122.5885
137.4181
114.8976
144.7256
170.9990
-102.6050
-179.7953
163.5227
157.3862
157.1391
-155.2173
100.9029
74.4261
182.0174
118.3876
93.2182
104.0661
162.3678
175.9214
-168.0828
179.4209
115.0373
94.9043
-171.4907
121.2319
165.0502
76.4979
-78.2884
170.6346
-165.3734
135.6378
-176.5660
154.3008
-183.9802
69.1497
144.5225
138.2583
-158.6852
163.4378
-81.8710
85.4992
161.1369
-104.3000
102.8849
133.6176
149.6640
118.5088
-183.2323
-157.7158
146.6880
131.3720
182.8084
-166.6384
138.6708
-169.7633
142.1784
157.9735
144.2160
161.4850
-85.6773
-168.4647
112.5175
151.6941
166.8481
-118.0000
148.3489
178.1574
-163.2192
135.8178
111.0461
130.3171
-167.0535
-123.7319
129.6024
-179.0277
-182.2933
86.1644
121.1600
107.5216
132.0820
-185.9301
180.2295
166.5210
159.3549
154.6767
95.3884
136.2468
-173.0633
101.6545
136.4054
-176.9235
-86.3992
110.0899
139.8105
149.8752
-186.5061
135.7396
100.6163
-146.0301
-140.4292
-152.2389
154.6219
102.1674
154.1797
174.0848
122.3024
126.5465
106.1042
50.2012
132.3216
74.7591
181.6079
-160.5340
105.3680
120.4078
178.1110
-197.3737
-179.9976
174.8140
160.8534
167.7160
100.8377
114.0002
148.5109
131.2734
184.9412
-158.3933
-167.6997
-161.8361
182.3936
-171.7422
165.3050
-195.0417
162.1877
-182.3962
-76.0850
151.2084
132.5255
96.3232
-175.5231
150.5285
-173.1385
185.3905
-59.5583
169.4715
202.1784
-82.0695
90.4872
169.8000
159.4349
147.4363
-153.7073
169.2278
-165.8391
-172.1746
130.3639
126.7110
-168.6933
139.7082
166.4795
144.5191
-164.6947
-171.5034
-169.4392
163.2533
-169.3140
158.3666
-171.8533
151.1999
-171.3936
105.3921
-182.6516
-47.9901
119.0767
167.1060
163.3847
168.4345
106.3258
109.8598
157.2037
-95.8898
138.5326
-179.8912
150.2902
-172.6859
181.6591
-151.9085
102.1902
89.7241
107.1717
105.1732
142.4250
-186.5494
125.1039
136.6795
-151.0530
133.6864
-64.5401
135.9667
193.8461
132.3242
167.1207
148.4145
155.3957
185.1803
94.1826
-99.2782
-161.0178
137.6107
138.6360
195.1545
120.1840
175.7029
188.1305
156.4498
94.7638
142.4006
147.5057
140.7508
-189.5451
177.5481
-92.8036
119.8209
152.0466
-180.4842
114.2223
92.0458
163.7835
130.0949
-183.0015
185.4017
190.0141
182.9867
150.9458
-179.8686
120.8482
167.5388
138.8730
115.5024
176.6093
87.1115
125.8459
-184.0216
112.5296
-182.6962
-164.5226
89.9372
-86.0919
167.3650
172.3195
104.5862
-171.3170
137.5089
102.8103
-165.9564
166.1098
138.7976
131.3630
-101.9304
118.0882
133.1534
-191.7125
183.4291
-175.0442
-167.6517
130.5395
127.7840
126.5162
-150.6874
-175.9339
134.9006
139.8279
177.5333
-177.1234
160.1179
92.8502
90.1085
128.9476
125.5403
127.1633
139.6656
-157.3149
142.7934
157.5582
176.5573
77.3347
147.0426
167.5921
131.1151
130.4820
150.7544
178.6554
125.8624
134.7320
94.2651
134.8395
164.2196
169.9574
117.8650
147.0832
149.2690
-174.4993
145.0095
94.4158
145.5837
-181.4212
-176.1142
117.5824
102.2732
162.1367
174.8562
119.0044
128.2039
149.4754
176.7860
103.1489
145.9196
-148.5705
129.9153
163.8625
-100.9201
-170.0653
92.8090
135.7038
167.3072
127.9976
137.4878
-162.8441
134.2037
-165.4523
119.4359
151.4273
116.6161
-155.4852
-167.2707
157.0344
174.7052
173.7558
159.9267
63.1258
123.5739
134.0404
94.6111
123.1766
127.2009
105.7764
175.1866
93.5939
159.1579
123.1742
108.2574
129.0281
-154.7714
152.4257
98.7837
-80.8022
-183.6191
144.8426
148.7313
139.7836
169.1829
-184.0744
150.1756
115.7183
105.7686
-164.7475
199.5374
136.9508
149.4270
181.0097
-160.1248
157.1170
148.0508
110.5149
116.2058
187.8663
172.9989
153.6890
146.3829
-112.4069
99.3430
174.9936
124.1217
146.7600
153.8183
139.3973
-153.1456
159.8104
-165.4450
173.3000
-161.6418
157.1276
71.1580
143.2465
-53.9408
161.5660
131.8964
134.1991
97.1603
103.6036
111.8036
171.7679
127.5466
119.1785
130.9734
173.8211
73.3470
140.4444
-169.3336
-143.2422
130.2346
167.7484
102.7540
-157.9974
135.4857
86.0537
132.5310
89.5268
94.7880
-179.0508
177.0504
-170.6062
150.7547
101.6423
-106.1818
67.3965
107.5369
100.4821
151.2969
171.8548
91.9824
116.2611
172.5587
-105.5150
-176.4347
90.6440
99.9489
145.2138
-171.1783
-174.5791
164.1821
119.8493
158.8890
-154.9549
149.3061
-174.8633
143.1758
124.4819
80.4557
141.8964
128.6733
158.0530
168.6621
-117.9146
169.6301
132.2316
181.7647
145.3179
76.3915
117.8211
151.8878
145.7137
160.5255
-156.9980
112.7698
131.1676
106.5511
156.8701
100.0233
139.4463
120.7754
-102.7925
-158.4822
-139.8754
183.9461
111.9893
148.8565
115.9488
130.8656
-153.7622
175.9793
124.9434
-159.1036
104.7566
136.0485
-162.3499
175.1624
-182.1889
-173.2361
-165.0984
-87.8917
153.5004
129.9076
134.0344
-151.6262
156.3270
-184.4033
175.3073
116.4729
148.7029
150.2960
175.7815
90.2001
121.1087
122.5078
155.0183
-156.5765
166.1173
160.0828
108.4667
140.2267
116.1354
86.5389
105.0857
146.0051
-159.6958
122.4070
131.2926
-86.2570
163.6015
173.6878
-160.6483
175.8948
131.2480
-170.7158
139.3346
116.9944
169.7742
139.2943
143.4486
126.8877
-182.6434
117.3324
165.0123
-164.4831
169.1615
149.8767
130.6084
131.2929
103.6972
128.0251
118.7700
-159.0298
134.8175
92.0578
-100.6006
-177.3184
133.9686
-166.3026
153.0892
-177.5689
153.8529
-63.4235
-65.9422
183.1755
140.7155
150.3828
-64.5644
141.5957
168.7207
-162.2024
-176.1058
143.9961
126.4448
114.5782
146.4108
158.5096
-190.8900
117.5224
116.1610
102.2538
-181.3617
124.0132
-161.1721
102.6488
160.6900
136.0765
185.0317
-96.7167
144.9192
157.7092
116.1052
159.7455
-179.1851
-166.8838
-170.8886
164.4040
-154.3499
160.3873
128.6117
125.2703
159.7317
-171.2398
180.4530
161.8816
151.9106
153.4030
141.0169
103.6645
